0.46575722040134 1.72431647021499
0.779003372197417 1.72431647021499
0.958734770768936 1.50296169238209
0.563325693911593 1.45025817385045
0.789273737830075 1.26052550713653
0.470892403217669 1.07079284042261
0.630083070523872 0.902141581121352
0.840625565993366 0.817815951470722
0.517109048564631 0.575379766225161
0.70197562995248 0.42780991433656
0.506838682931973 0.185373729090999
0.614677522074884 -0.00435893762291812
0.835490383177037 -0.0254403450355755
0.517109048564631 -0.425987085876067
0.743057092483113 -0.404905678463409
0.958734770768936 -0.373283567344423
1.11279025525881 -0.700045382240613
0.794408920646404 -0.868696641541873
0.594136790809568 -0.88977804895453
0.506838682931973 -1.29032478979502
0.712245995585138 -1.23762127126338
0.999816233299569 -1.13221423420009
1.28225128819767 -1.14275493790642
1.29252165383033 -0.362742863638094
1.4465771383202 0.269699358741629
1.47738823521818 -0.162469493217849
1.693065913504 0.0588852846150543
1.85739176362653 0.322402877273272
2.05766389346337 0.0588852846150543
1.89847322615717 -0.246795122868478
1.68279554787134 -0.394364974757081
1.42603640705489 -0.7316674933596
1.6571196337897 -0.752748900772257
1.58522707436109 -1.17437704902541
1.84198621517755 -1.14275493790642
1.90874359178982 -0.700045382240613
2.12442127007565 -0.573556937764669
2.02685279656539 -1.15329564161275
2.07820462472869 0.733490321820092
1.8522565808102 0.944304395946667
2.08847499036134 1.15511847007324
1.92414914023881 1.40809535902513
2.05766389346337 1.72431647021499
1.70847146195299 1.77701998874664
1.66225481660603 1.27106621084286
1.33873829917729 1.31322902566817
1.13333098652413 1.48188028496943
1.22576427721805 1.76647928504031
1.36954939607527 1.79810139615929
1.47225305240185 1.56620591462006
1.14360135215678 1.18674058119223
1.09224952399349 1.1761998774859
1.04603287864653 1.09187424783527
1.05116806146286 0.99700791447831
1.08711434117716 1.03917072930362
1.1281958037078 1.1024149515416
1.17954763187109 1.07079284042261
1.14873653497311 1.00754861818464
1.11279025525881 0.954845099652995
1.08711434117716 0.891600877415023
1.21035872876906 0.99700791447831
1.19495318032008 0.902141581121352
1.14360135215678 0.881060173708694
1.08711434117716 0.786193840351736
1.12306062089147 0.75457172923275
1.18468281468742 0.796734544058065
1.22576427721805 0.817815951470722
1.24630500848337 0.92322298853401
1.30792720227932 0.954845099652995
1.287386471014 0.859978766296037
1.32846793354463 0.859978766296037
1.37981976170792 0.881060173708694
1.35927903044261 0.99700791447831
1.42090122423856 1.00754861818464
1.44144195550387 0.891600877415023
1.47738823521818 0.99700791447831
1.52874006338147 0.954845099652995
1.49279378366716 0.870519470002366
1.58522707436109 0.912682284827681
1.5338752461978 0.817815951470722
1.58522707436109 0.796734544058065
1.62630853689172 0.870519470002366
1.66738999942236 0.786193840351736
1.70333627913666 0.701868210701106
1.64171408534071 0.691327506994778
1.68279554787134 0.596461173637819
1.64684926815704 0.501594840280861
1.61090298844273 0.607001877344148
1.5698215259121 0.701868210701106
1.58522707436109 0.512135543987189
1.5338752461978 0.575379766225161
1.51846969774881 0.67024609958212
1.47738823521818 0.722949618113763
1.43117158987121 0.75457172923275
1.39009012734058 0.775653136645407
1.47738823521818 0.617542581050476
1.42090122423856 0.628083284756805
1.35927903044261 0.638623988463134
1.34387348199362 0.75457172923275
1.30279201946299 0.638623988463134
1.287386471014 0.733490321820092
1.24116982566704 0.712408914407435
1.24116982566704 0.596461173637819
1.2000883631364 0.680786803288449
1.14360135215678 0.649164692169463
1.09224952399349 0.628083284756805
1.1641420834221 0.554298358812504
1.21035872876906 0.512135543987189
1.05116806146286 0.680786803288449
1.01522178174856 0.607001877344148
0.974140319217923 0.564839062518833
0.922788491054632 0.501594840280861
0.897112576972986 0.375106395804916
0.917653308238303 0.290780766154286
0.948464405136277 0.238077247622642
0.979275502034252 0.153751617972013
1.02035696456489 0.0799666920277117
1.07170879272818 0.037803877202397
1.12306062089147 0.0167224697897396
1.18981799750375 -0.0148996413292466
1.24630500848337 0.0483445809087255
1.24116982566704 0.185373729090999
1.21549391158539 0.290780766154286
1.2000883631364 0.417269210630231
1.14360135215678 0.438350618042888
1.10765507244248 0.533216951399847
1.05116806146286 0.554298358812504
0.999816233299569 0.480513432868203
0.953599587952607 0.396187803217573
0.979275502034252 0.301321469860615
1.02035696456489 0.385647099511245
1.06143842709552 0.448891321749217
1.09738470680982 0.364565692098587
1.06143842709552 0.301321469860615
1.01008659893223 0.2591586550353
1.05630324427919 0.17483302538467
1.10765507244248 0.269699358741629
1.15900690060577 0.34348428468593
1.16927726623843 0.227536543916314
1.09738470680982 0.153751617972013
1.13846616934045 0.111588803146698
1.18981799750375 0.111588803146698
-1.33669194813018 1.76647928504031
-1.16209573237499 1.76647928504031
-1.00290506506879 1.75593858133398
-0.848849580578916 1.70323506280233
-0.776957021150308 1.33431043308083
-0.931012505640182 1.43971747014412
-1.09020317294638 1.4713395812631
-1.22885310898727 1.53458380350108
-1.33669194813018 1.43971747014412
-1.45480115290575 1.59782802573905
-1.54723444359968 1.2499848034302
-1.40344932474246 1.27106621084286
-1.40858450755879 1.1024149515416
-1.52669371233436 0.912682284827681
-1.43426042164044 0.564839062518833
-1.36236786221183 0.849438062589708
-1.29561048559955 1.0286300255973
-1.29047530278322 1.21836269231121
-1.2339882918036 1.3237697293745
-1.16209573237499 1.33431043308083
-1.03371616196676 1.27106621084286
-1.12614945266069 1.21836269231121
-1.17236609800765 1.18674058119223
-1.21344756053828 1.1761998774859
-1.18777164645664 1.13403706266058
-1.22371792617094 1.09187424783527
-1.15696054955866 1.08133354412894
-1.19290682927297 1.0286300255973
-1.24939384025259 0.870519470002366
-1.21858274335461 0.617542581050476
-1.24939384025259 0.406728506923902
-1.13641981829335 0.870519470002366
-1.03885134478309 1.00754861818464
-0.925877322823853 1.1024149515416
-1.10047353857904 0.659705395875792
-0.982364333803473 0.775653136645407
-0.797497752415625 0.92322298853401
-0.853984763395245 0.575379766225161
-0.987499516619802 0.385647099511245
-0.643442267925751 1.42917676643779
-0.540738611599168 1.60836872944538
-0.443170138088915 1.68215365538968
-0.330196116129674 1.84026421098461
-0.18127581445613 1.85080491469094
-0.319925750497016 1.62945013685803
-0.186410997272459 1.56620591462006
-0.027220329966256 1.67161295168335
-0.366142395843978 1.41863606273146
-0.458575686537902 1.38701395161247
-0.53046824596651 1.23944409972387
-0.663982999191067 1.15511847007324
-0.663982999191067 0.902141581121352
-0.602360805395118 0.617542581050476
-0.515062697517523 0.406728506923902
-0.443170138088915 0.638623988463134
-0.504792331884864 0.796734544058065
-0.535603428782839 1.03917072930362
-0.453440503721573 0.986467210771981
-0.448305320905244 1.16565917377957
-0.381547944292966 1.2499848034302
-0.319925750497016 1.26052550713653
-0.273709105150054 1.38701395161247
-0.217222094170433 1.2499848034302
-0.273709105150054 1.12349635895426
-0.335331298946003 1.12349635895426
-0.376412761476636 1.1024149515416
-0.386683127109295 1.0286300255973
-0.345601664578661 1.03917072930362
-0.309655384864358 1.01808932189097
-0.35587203021132 0.965385803359324
-0.402088675558282 0.870519470002366
-0.319925750497016 0.807275247764394
-0.330196116129674 0.58592046993149
-0.35587203021132 0.322402877273272
-0.263438739517396 0.891600877415023
-0.217222094170433 1.04971143300995
-0.0991128893948637 1.35539184049349
-0.0785721581295473 1.06025213671628
-0.135059169109168 0.82835665517705
-0.201816545721446 0.680786803288449
-0.217222094170433 0.301321469860615
-0.0837073409458765 0.417269210630231
-0.00154441588461041 0.67024609958212
-1.1107439042117 -0.299498641400122
-1.04398652759942 -0.257335826574807
-0.977229150987144 -0.204632308043164
-0.910471774374865 -0.194091604336835
-0.82317366649727 -0.215173011749492
-0.735875558619675 -0.215173011749492
-0.679388547640055 -0.215173011749492
-0.628036719476763 -0.183550900630506
-0.643442267925751 -0.288957937693793
-0.699929278905371 -0.32058004881278
-0.776957021150308 -0.331120752519108
-0.859119946211574 -0.331120752519108
-0.931012505640182 -0.373283567344423
-0.982364333803473 -0.331120752519108
-1.05939207604841 -0.394364974757081
-1.04912171041575 -0.520853419233025
-0.982364333803473 -0.489231308114039
-0.905336591558536 -0.489231308114039
-0.833444032129928 -0.47869060440771
-0.782092203966637 -0.457609196995053
-0.720470010170688 -0.425987085876067
-0.735875558619675 -0.510312715526696
-0.797497752415625 -0.584097641470998
-0.848849580578916 -0.64734186370897
-0.94128287127284 -0.605179048883655
-0.889931043109549 -0.700045382240613
-1.00290506506879 -0.64734186370897
-0.925877322823853 -0.784371011891243
-1.12614945266069 -0.605179048883655
-1.12614945266069 -0.447068493288724
-1.18263646364031 -0.362742863638094
-1.24939384025259 -0.447068493288724
-1.19290682927297 -0.499772011820368
-1.28020493715056 -0.552475530352011
-1.21344756053828 -0.64734186370897
-1.28020493715056 -0.710586085946942
-1.28020493715056 -0.879237345248202
-1.21858274335461 -0.794911715597572
-1.16209573237499 -0.752748900772257
-1.07993280731373 -0.721126789653271
-1.00804024788512 -0.815993123010229
-0.956688419721827 -0.900318752660859
-1.01317543070145 -0.910859456367188
-1.06452725886474 -0.837074530422887
-1.13641981829335 -0.879237345248202
-1.18777164645664 -0.931940863779845
-1.24425865743626 -0.995185086017818
-1.17750128082398 -1.04788860454946
-1.14155500110968 -0.984644382311489
-1.07993280731373 -0.963562974898831
-1.03371616196676 -1.0268071971368
-0.961823602538156 -1.03734790084313
-1.00290506506879 -1.11113282678743
-1.05425689323208 -1.20599916014439
-1.07993280731373 -1.07951071566845
-1.12101426984436 -1.15329564161275
-1.09533835576271 -1.26924338238236
-0.956688419721827 -1.15329564161275
-0.920742140007524 -1.24816197496971
-0.982364333803473 -1.26924338238236
-1.03885134478309 -1.34302830832667
-1.08506799013006 -1.39573182685831
-1.02858097915044 -1.46951675280261
-1.06966244168107 -1.54330167874691
-0.982364333803473 -1.40627253056464
-0.925877322823853 -1.35356901203299
-0.87966067747689 -1.31140619720768
-0.807768118048283 -1.35356901203299
-0.864255129027903 -1.40627253056464
-0.910471774374865 -1.5011388639216
-0.977229150987144 -1.53276097504058
-1.00290506506879 -1.62762730839754
-0.925877322823853 -1.71195293804817
-0.87966067747689 -1.62762730839754
-0.833444032129928 -1.52222027133425
-0.771821838333979 -1.49059816021527
-0.741010741436004 -1.36410971573932
-0.653712633558409 -1.40627253056464
-0.7050644617217 -1.45897604909628
-0.730740375803346 -1.60654590098488
-0.797497752415625 -1.61708660469121
-0.76668665551765 -1.73303434546083
-0.848849580578916 -1.7224936417545
-0.689658913272713 -1.70141223434184
-0.658847816374738 -1.59600519727855
-0.633171902293093 -1.5011388639216
-0.581820074129801 -1.44843534538995
-0.566414525680814 -1.5749237898659
-0.612631171027776 -1.65924941951653
-0.53046824596651 -1.62762730839754
-0.653712633558409 -0.510312715526696
-0.64857745074208 -0.394364974757081
-0.607495988211447 -0.489231308114039
-0.581820074129801 -0.404905678463409
-0.58695525694613 -0.288957937693793
-0.561279342864485 -0.183550900630506
-0.484251600619548 -0.204632308043164
-0.520197880333852 -0.278417233987465
-0.525333063150181 -0.394364974757081
-0.545873794415498 -0.47869060440771
-0.494521966252206 -0.489231308114039
-0.479116417803219 -0.394364974757081
-0.458575686537902 -0.278417233987465
-0.402088675558282 -0.257335826574807
-0.407223858374611 -0.362742863638094
-0.432899772456257 -0.425987085876067
-0.448305320905244 -0.520853419233025
-0.402088675558282 -0.489231308114039
-0.371277578660307 -0.415446382169738
-0.345601664578661 -0.32058004881278
-0.319925750497016 -0.457609196995053
-0.345601664578661 -0.531394122939354
-0.381547944292966 -0.594638345177326
-0.335331298946003 -0.668423271121627
-0.299385019231699 -0.594638345177326
-0.289114653599041 -0.689504678534285
-0.304520202048029 -0.763289604478586
-0.23776282543575 -0.710586085946942
-0.263438739517396 -0.805452419303901
-0.283979470782712 -0.88977804895453
-0.23776282543575 -0.953022271192503
-0.196681362905117 -0.826533826716558
-0.160735083190813 -0.763289604478586
-0.0991128893948637 -0.815993123010229
-0.135059169109168 -0.858155937835544
-0.0580314268642308 -0.910859456367188
-0.109383255027522 -0.97410367860516
-0.176140631639801 -0.963562974898831
-0.278844287966383 -1.00572578972415
-0.232627642619421 -1.07951071566845
-0.160735083190813 -1.09005141937478
-0.104248072211193 -1.11113282678743
-0.0323555127825852 -1.07951071566845
-0.0477610612315724 -1.20599916014439
-0.0580314268642308 -1.30086549350135
-0.11965362066018 -1.25870267867604
-0.196681362905117 -1.21653986385072
-0.289114653599041 -1.11113282678743
-0.268573922333725 -1.24816197496971
-0.335331298946003 -1.23762127126338
-0.227492459803092 -1.34302830832667
-0.171005448823471 -1.35356901203299
-0.0991128893948637 -1.41681323427097
-0.140194351925497 -1.5011388639216
-0.201816545721446 -1.45897604909628
-0.273709105150054 -1.45897604909628
-0.325060933313345 -1.37465041944565
-0.396953492741953 -1.34302830832667
-0.448305320905244 -1.40627253056464
-0.402088675558282 -1.44843534538995
-0.335331298946003 -1.5011388639216
-0.268573922333725 -1.62762730839754
-0.212086911354105 -1.58546449357223
-0.350736847394991 -1.62762730839754
-0.396953492741953 -1.56438308615957
-0.468846052170561 -1.56438308615957
-0.509927514701194 -1.49059816021527
-0.438034955272586 -1.63816801210387
-0.489386783435877 -0.868696641541873
-0.515062697517523 -0.995185086017818
-0.535603428782839 -0.921400160073517
-0.535603428782839 -0.826533826716558
-0.59209043976246 -0.815993123010229
-0.58695525694613 -0.879237345248202
-0.576684891313472 -0.953022271192503
-0.576684891313472 -1.03734790084313
-0.64857745074208 -1.04788860454946
-0.633171902293093 -0.97410367860516
-0.633171902293093 -0.910859456367188
-0.653712633558409 -0.847615234129216
-0.7050644617217 -0.858155937835544
-0.679388547640055 -0.953022271192503
-0.710199644538029 -1.01626649343047
-0.730740375803346 -0.931940863779845
