9 1 2 3 4 7 5 9 0 9 15 15 14 15 9 18 16 15 9 
2 4 2 0 4 4 6 6 15 15 10 13 15 13 8 15 18 16 18 4 
4 1 4 0 4 5 6 7 8 4 10 4 12 16 14 13 19 17 16 22 22 19 22 23 4 
5 5 2 3 7 5 0 7 8 8 10 11 7 
4 3 1 0 4 5 6 7 4 
0 1 2 2 6 4 6 1 
0 1 6 6 6 1 6 6 8 9 12 8 1 
2 4 2 0 4 4 
0 1 6 6 6 1 8 6 1 
3 1 6 6 4 0 6 9 7 6 
2 3 0 3 3 7 5 3 
0 1 4 1 1 
12 1 2 3 12 7 12 9 7 11 9 0 14 12 14 12 
9 4 4 1 6 4 4 9 0 9 9 
2 5 5 3 0 7 8 5 17 11 9 14 14 11 9 15 8 17 18 18 20 21 5 
2 4 2 0 4 5 10 9 7 4 10 4 
3 1 0 3 3 
2 4 4 0 9 5 6 9 4 9 9 4 
2 0 5 5 2 5 8 6 2 
0 3 1 1 
0 1 1 5 3 7 1 9 7 1 
2 11 6 6 6 2 6 6 6 11 0 13 11 11 14 15 11 
5 1 2 5 0 5 5 7 8 8 10 11 5 
3 3 0 5 3 3 
3 1 0 5 3 5 5 
3 1 0 3 4 4 8 6 4 9 10 11 3 
3 1 0 3 3 7 5 7 7 9 3 
8 8 2 5 2 5 2 0 8 9 13 13 9 15 13 8 
2 0 2 2 6 4 6 10 10 4 10 13 10 17 17 17 10 19 17 2 
2 6 2 2 4 0 8 6 10 8 8 13 11 6 
4 3 4 0 4 8 8 4 10 8 4 
2 0 2 3 2 2 8 6 10 8 10 13 11 13 10 15 16 2 
2 0 4 2 2 
2 0 6 6 6 2 6 7 11 11 7 11 11 13 13 15 18 13 18 19 19 2 
3 3 0 3 6 3 3 
13 4 2 13 4 4 8 6 11 9 8 13 0 16 16 21 16 17 18 19 13 21 22 23 24 13 
3 1 0 5 3 5 3 
0 1 4 2 9 5 8 6 1 9 10 11 14 16 14 12 19 19 10 19 19 21 22 23 26 24 26 27 1 
2 0 2 3 4 9 9 7 4 9 10 14 14 11 2 
4 1 2 0 6 4 4 
5 3 5 3 7 7 0 7 10 8 10 7 
8 3 1 3 8 5 6 0 10 8 8 
3 3 4 0 6 4 6 7 8 4 
3 1 0 3 7 7 4 9 4 9 10 10 12 3 
4 4 2 0 6 4 4 
3 1 0 3 9 9 6 7 3 3 
0 1 2 7 7 7 20 7 7 9 20 16 16 15 13 20 16 19 17 3 23 23 20 25 23 35 26 35 35 29 35 35 32 33 23 35 36 1 
2 0 2 2 2 5 2 
3 1 0 3 3 5 3 13 13 13 12 10 7 15 13 3 
7 3 1 7 6 4 0 7 7 9 10 13 11 13 11 15 16 7 
14 1 2 2 4 1 6 9 14 9 9 11 9 0 14 17 15 17 14 19 20 25 25 25 21 25 25 30 28 27 14 
4 4 2 0 4 4 8 6 4 
4 1 2 0 4 5 8 5 8 9 13 13 4 13 16 13 4 
9 1 9 3 4 7 5 7 12 9 12 0 14 15 12 17 15 17 18 12 
12 1 2 8 4 7 4 12 10 8 12 0 19 19 14 15 18 16 12 21 19 12 
0 1 2 2 2 5 6 7 7 1 
13 3 1 6 6 3 8 6 8 9 10 6 0 13 14 17 15 17 13 
4 3 1 0 4 4 6 9 7 11 4 11 11 13 13 17 15 17 4 
4 1 2 0 4 5 6 9 7 4 
6 4 4 6 6 0 6 6 8 11 9 6 
16 16 2 5 16 5 10 7 8 6 10 11 5 16 14 0 16 20 18 16 20 23 21 16 
0 6 6 6 4 1 6 7 10 6 1 
2 7 2 5 2 2 0 9 7 7 
0 3 1 3 4 5 6 6 8 1 
4 1 2 9 4 5 5 7 0 18 10 14 14 10 17 17 14 9 18 19 20 9 
7 1 2 2 2 5 0 7 7 11 7 7 
4 3 4 0 11 11 8 11 11 11 4 11 4 
11 1 4 5 2 7 5 7 1 11 0 11 12 13 13 20 20 20 20 15 20 11 
6 6 6 5 3 0 6 9 7 6 
6 3 1 1 6 0 8 6 10 6 12 10 17 17 17 15 12 17 18 21 19 21 6 
3 3 0 5 11 5 6 9 7 9 3 11 3 
3 3 0 5 3 5 3 
3 3 0 5 3 5 5 7 7 3 
3 3 0 6 4 3 6 3 
15 1 2 15 4 5 6 10 10 6 10 11 12 10 0 17 15 17 18 17 22 20 22 23 15 
3 1 8 3 3 5 6 0 10 11 8 11 14 12 8 
2 4 4 0 4 7 5 5 5 13 13 13 9 13 13 13 18 16 16 21 22 19 4 
2 0 2 3 6 7 4 9 7 2 
2 3 0 3 6 4 6 3 
6 4 2 6 4 0 6 7 10 8 6 
4 3 1 0 4 4 4 7 8 4 
0 1 5 5 17 5 8 6 5 5 10 11 12 15 13 17 1 17 20 24 24 23 24 17 24 1 
6 1 2 3 4 0 8 6 10 8 10 11 6 
4 1 4 0 11 5 6 6 10 8 4 11 11 13 4 
3 1 15 3 3 5 6 15 15 9 10 15 15 13 0 15 16 17 18 15 
6 3 6 3 6 0 6 7 8 9 6 
8 5 5 5 1 5 6 0 8 9 10 13 9 13 13 15 16 8 
4 1 1 0 4 7 5 14 14 14 14 11 14 7 4 
0 5 5 5 1 5 6 9 7 9 10 11 9 15 13 1 
4 4 4 0 4 4 6 7 6 11 9 4 
29 1 2 29 14 14 8 10 10 14 12 10 14 4 22 22 16 17 22 22 20 14 24 22 27 27 24 14 0 29 29 31 32 33 29 35 29 
11 1 4 11 4 5 8 4 8 11 0 17 12 15 12 17 11 17 18 19 20 21 22 23 24 11 
6 1 1 6 6 0 6 7 10 6 10 13 10 13 6 
0 3 1 9 9 9 6 7 3 11 9 1 
13 1 2 3 6 1 6 12 8 9 10 7 0 13 14 17 15 22 20 22 20 17 13 
6 1 4 2 4 0 6 19 19 12 12 19 12 15 12 15 16 19 6 21 19 23 21 23 24 27 25 29 27 6 
5 3 5 3 0 12 6 7 8 9 10 5 14 16 14 12 5 
7 1 2 5 3 7 0 7 7 11 9 11 11 13 7 
4 4 2 5 0 7 5 7 10 8 5 
0 1 1 3 7 7 4 7 11 9 8 11 12 1 
3 1 0 3 7 7 3 10 8 7 3 
3 1 0 3 3 7 5 3 
2 3 5 3 0 5 5 9 7 9 5 
2 5 4 5 0 5 6 7 8 11 9 5 
5 5 5 5 0 10 10 10 8 5 10 10 10 13 5 
6 1 4 2 4 0 6 6 11 11 6 11 12 12 12 17 15 17 18 6 
10 4 4 1 10 10 6 9 7 0 10 11 14 12 16 14 16 10 
0 1 8 8 8 5 6 2 10 8 10 11 14 12 1 
2 3 0 3 4 3 
0 1 1 11 11 11 6 9 7 11 3 11 12 1 
2 5 2 3 0 12 8 12 11 11 8 5 14 12 5 
0 1 1 3 6 3 1 
6 3 4 1 6 0 6 6 
5 5 4 2 0 5 8 6 5 
8 4 4 1 8 7 5 0 8 11 8 25 14 25 14 17 25 17 20 23 20 21 18 17 11 27 25 8 
2 0 2 2 4 2 8 6 12 12 12 8 14 2 14 15 2 
11 3 6 5 3 1 6 7 1 11 0 11 14 12 14 15 16 17 18 11 
7 7 2 5 7 5 12 7 8 9 12 0 15 13 17 15 12 17 12 
0 4 4 1 6 1 9 7 6 9 10 11 1 
2 8 2 2 4 5 6 16 11 11 8 13 11 11 16 0 16 20 20 16 20 20 24 22 16 
3 1 0 3 6 8 6 4 3 
0 1 4 1 4 5 10 10 8 6 10 14 14 10 14 15 16 20 20 15 1 
5 1 5 5 0 7 5 5 
2 0 5 5 2 5 8 9 6 2 
2 0 4 5 2 5 2 
2 3 0 3 6 3 6 6 8 9 10 10 12 13 3 
2 0 2 5 2 2 
0 4 4 1 10 10 8 10 10 4 10 13 11 13 1 
4 4 4 0 8 8 8 4 8 11 8 11 12 4 
5 3 1 1 0 5 5 5 8 9 12 8 12 13 5 
3 1 0 5 3 3 
14 3 14 3 4 3 8 3 8 9 10 3 14 0 14 14 
2 14 2 2 4 4 8 6 4 9 10 11 2 0 14 14 14 
2 5 5 3 0 5 12 12 10 12 10 6 14 15 12 5 
2 4 4 0 6 4 4 7 8 
2 6 5 5 2 0 8 6 10 8 12 10 6 
2 3 0 3 3 7 9 7 5 3 
2 5 2 3 0 5 5 7 10 11 8 13 11 13 5 
2 14 4 14 4 7 5 7 8 7 10 11 14 0 17 15 14 17 17 14 
2 0 2 3 2 8 8 5 8 8 10 2 
3 1 5 3 0 7 5 9 7 5 
4 1 1 0 4 5 5 9 7 4 
4 1 2 0 6 4 4 7 8 8 10 11 12 13 14 4 
3 1 6 6 4 0 6 7 8 9 10 9 12 6 
2 9 2 5 3 9 9 7 0 9 9 
0 3 1 1 4 9 9 7 4 11 9 1 
15 4 2 1 4 1 15 7 8 9 10 11 11 13 0 15 15 20 18 17 20 21 15 
0 3 5 3 1 1 6 1 
0 1 4 1 4 4 6 7 10 8 10 10 1 
5 1 1 3 0 7 5 9 5 12 12 17 12 12 14 15 9 24 18 24 20 21 24 17 24 25 26 5 
3 3 0 10 10 10 8 9 6 3 10 11 3 
3 1 0 5 3 3 6 7 8 7 10 11 3 
0 1 8 8 8 5 6 1 8 8 10 11 20 20 20 15 19 19 16 12 20 21 22 22 24 1 
5 5 4 2 0 7 5 5 
16 16 2 3 4 7 5 9 7 11 2 16 16 13 14 0 16 19 17 16 
2 8 2 2 6 2 8 0 10 8 13 13 10 13 14 8 16 17 
3 3 0 3 6 3 8 6 11 11 6 3 
0 5 5 5 1 5 9 7 5 1 
2 0 4 2 4 5 6 7 8 9 10 2 
12 3 1 3 3 5 12 7 10 8 12 0 12 13 14 15 18 16 12 
4 1 2 0 4 4 4 7 8 4 
4 4 2 0 10 10 6 7 7 4 10 11 12 4 
2 0 4 2 4 5 6 2 
4 3 1 0 6 4 8 4 8 8 10 4 
5 3 1 5 0 5 5 9 7 9 5 
2 14 2 3 3 5 6 7 8 2 13 11 14 0 18 18 18 14 18 19 20 20 22 25 18 25 26 27 30 28 30 31 14 
8 1 1 3 6 4 1 0 8 9 9 11 12 8 
6 1 1 5 1 0 6 7 11 11 8 11 11 13 14 6 
8 8 6 6 6 2 2 0 8 11 9 8 12 13 
2 3 0 3 3 5 6 3 
4 4 2 0 4 5 8 4 4 
2 3 0 3 3 5 6 6 8 6 10 3 
2 0 2 10 10 10 8 6 10 2 2 
2 0 2 2 4 5 8 6 2 
3 3 0 3 3 5 8 3 8 9 3 
2 5 5 3 0 5 6 9 7 6 6 11 12 13 16 14 21 21 21 19 11 21 22 21 26 24 5 
2 6 2 3 2 0 6 7 7 6 
5 3 1 3 0 5 5 9 5 11 9 16 16 13 16 11 16 16 18 18 20 21 5 
6 1 5 5 2 0 6 10 10 6 10 10 12 6 
4 1 2 0 4 8 6 5 10 4 4 
2 0 2 2 6 4 6 2 
4 1 2 0 10 10 10 7 8 4 10 4 
3 1 0 3 7 7 3 7 7 12 12 9 15 15 12 15 20 17 18 15 22 20 22 3 
2 4 4 0 4 4 6 7 8 4 
2 0 2 2 6 8 6 2 2 
7 4 4 1 7 7 0 7 8 9 10 11 7 
2 3 0 3 6 4 3 7 11 9 8 11 3 
2 0 6 6 6 2 8 6 8 9 10 11 12 2 
6 1 1 3 6 0 6 9 7 6 
4 1 2 0 4 4 9 9 4 9 10 11 14 12 9 15 15 17 20 18 20 21 4 
0 1 4 1 4 1 6 9 1 9 12 9 12 1 
0 1 1 3 6 4 6 7 1 
8 1 2 5 3 5 8 0 8 11 9 11 8 
4 1 4 0 4 5 6 9 4 9 9 16 12 13 16 11 16 16 18 4 
0 1 2 1 
2 3 0 3 4 3 
7 1 1 3 4 7 14 7 7 9 9 11 14 0 14 14 16 16 14 
11 1 2 3 4 7 5 7 8 9 0 11 14 16 14 11 11 
0 1 2 6 6 3 6 7 10 6 1 
9 1 9 3 9 5 6 7 0 9 12 10 12 9 
2 10 2 7 7 7 2 7 2 0 12 10 12 10 
3 3 4 0 4 4 6 9 7 4 
12 12 2 3 7 7 3 2 12 9 9 0 12 13 14 13 16 12 
8 3 1 8 4 4 6 0 10 8 12 10 12 13 12 8 
2 11 11 5 2 5 6 9 7 11 0 11 12 12 14 11 
2 7 2 3 4 5 0 7 8 9 10 11 12 13 14 10 16 16 18 7 
2 4 2 0 4 5 12 7 10 8 10 4 4 
4 4 4 0 4 
2 5 5 5 0 5 6 9 7 9 5 
2 0 4 2 4 5 6 7 10 8 2 
3 1 0 3 4 7 5 7 11 11 8 11 4 15 16 4 3 
3 3 0 3 6 3 8 6 3 
0 1 4 1 1 
3 1 0 3 4 3 8 6 8 9 13 13 8 13 14 3 
7 1 5 3 7 5 0 7 8 11 8 7 
5 1 2 5 0 5 6 5 8 9 14 11 14 10 5 
2 0 2 5 8 5 6 3 8 9 9 13 11 2 
3 3 0 3 3 5 6 6 8 9 6 11 12 3 
4 3 1 0 4 9 6 7 5 9 9 11 4 13 14 15 18 16 18 4 
6 1 2 5 3 0 6 7 8 9 14 14 14 10 14 18 16 15 20 18 6 
0 12 12 12 12 7 12 7 12 12 10 1 14 12 1 
2 10 10 10 10 10 10 9 10 13 10 11 0 13 13 
2 16 12 12 12 12 12 12 12 12 12 2 12 13 16 0 18 16 18 19 16 
4 1 2 0 4 8 6 5 10 8 4 
2 8 2 3 4 5 6 0 10 12 10 8 12 13 18 15 16 13 8 
3 1 0 3 6 4 3 7 10 8 10 11 12 15 13 15 3 
13 1 1 3 4 3 6 9 6 6 12 3 0 13 14 23 23 23 20 18 23 23 14 13 
4 1 4 0 4 5 6 7 8 9 10 4 
2 0 2 5 3 5 9 9 10 5 10 11 14 12 16 14 16 2 
5 1 2 1 0 5 8 6 10 8 10 5 
2 7 4 2 4 7 0 20 8 13 10 11 9 13 13 15 18 16 13 7 23 23 20 20 24 7 
3 3 0 3 4 5 6 9 12 9 10 7 12 13 14 3 
0 1 5 3 1 1 6 1 
2 3 0 3 7 7 3 3 
0 1 4 1 1 
