-1.7092066266351 2.03093865930622
-1.86533420157323 1.69104291303177
-1.84972144407941 0.686133750133378
-2.02146177651135 0.627021446433473
-2.13075107896803 0.420128383483805
-2.0839128064866 0.124566864984279
-1.94339798904229 0.331459927933947
-1.86533420157323 0.508796839033662
-1.67798111164748 0.553131066808592
-1.53746629420317 0.449684535333757
-1.72481938412891 0.316681852008971
-1.50624077921554 0.272347624234042
-1.36572596177123 0.139344940909255
-1.69359386914129 0.0950107131343264
-1.86533420157323 0.154123016834231
-1.86533420157323 -0.00843581834050803
-1.89655971656085 -0.170994653515246
-1.74043214162273 -0.259663109065104
-1.66236835415367 -0.0971042738903649
-1.50624077921554 0.021120333509445
-1.75604489911654 -0.55522462756463
-1.53746629420317 -0.259663109065104
-1.33450044678361 -0.141438501665294
-1.13153459936405 -0.141438501665294
-1.20959838683311 -0.303997336840034
-1.36572596177123 -0.422221944239844
-1.53746629420317 -0.451778096089797
-1.53746629420317 -0.791673842364251
-1.39695147675886 -0.643893083114488
-1.27204941680836 -0.55522462756463
-1.05347081189499 -0.392665792389891
-1.44378974924029 -0.924676525689037
-1.20959838683311 -0.850786146064156
-1.10030908437642 -0.703005386814393
-1.03785805440117 -0.540446551639654
-0.897343236956862 -0.303997336840034
-0.834892206981613 -0.525668475714678
-0.772441177006364 -0.732561538664346
-0.944181509438299 -0.850786146064156
-1.24082390182073 -1.0724572849388
-1.13153459936405 -1.36801880343833
-0.912955994450674 -1.17590381641363
-0.959794266932111 -1.04290113308885
-0.788053934500176 -0.969010753463967
-0.647539117055865 -0.791673842364251
-0.491411542117742 -0.703005386814393
-0.631926359562053 -0.496112323864725
-0.397734997154869 -0.407443868314867
-0.257220179710558 -0.59955885533956
-0.397734997154869 -0.806451918289228
-0.538249814599179 -0.924676525689037
-0.585088087080616 -1.11679151271373
-0.709990147031115 -1.29412842381344
-0.866117721969238 -1.44190918306321
-0.741215662018739 -1.61924609416292
-0.460186027130118 -1.81136108118762
-0.538249814599179 -1.66358032193785
-0.522637057105367 -1.45668725898818
-0.428960512142493 -1.22023804418856
-0.335283967179619 -1.33846265158837
-0.382122239661056 -1.02812305716387
-0.225994664722933 -0.969010753463967
-0.210381907229121 -0.776895766439275
-0.00741605980956103 -0.762117690514298
0.164324272622374 -0.776895766439275
-0.0542543322909978 -0.924676525689037
0.0862604851533127 -0.95423267753899
-0.194769149735309 -1.08723536086378
-0.00741605980956103 -1.08723536086378
-0.194769149735309 -1.22023804418856
-0.00741605980956103 -1.26457227196349
-0.179156392241496 -1.36801880343833
0.0238094551780637 -1.39757495528828
-0.241607422216746 -1.53057763861307
0.00819669768425121 -1.51579956268809
-0.163543634747684 -1.76702685341269
0.039422212671876 -1.72269262563776
-0.147930877253872 -1.91480761266245
0.0862604851533127 -1.87047338488752
0.382902877535747 -1.85569530896254
0.27361357507906 -1.60446801823795
0.179937030116187 -1.42713110713823
0.226775302597624 -1.30890649973842
0.148711515128562 -1.16112574048866
0.211162545103811 -1.02812305716387
0.33606460505431 -0.83600807013918
0.414128392523371 -0.939454601614014
0.492192179992433 -1.13156958863871
0.33606460505431 -1.13156958863871
0.414128392523371 -1.26457227196349
0.351677362548122 -1.44190918306321
0.47657942249862 -1.64880224601288
0.710770784905805 -1.66358032193785
0.570255967461494 -1.45668725898818
0.898123874831552 -1.45668725898818
0.67954526991818 -1.26457227196349
1.06986420726349 -1.27935034788847
0.976187662300614 -1.10201343678875
0.788834572374866 -1.13156958863871
0.648319754930556 -0.983788829388942
0.88251111733774 -0.95423267753899
0.788834572374866 -0.821229994214204
0.53903045247387 -0.791673842364251
0.617094239942931 -0.658671159039465
0.570255967461494 -0.525668475714678
0.367290120041934 -0.629115007189512
1.35089384215211 -1.02812305716387
1.17915350972017 -0.969010753463967
0.960574904806802 -0.791673842364251
0.835672844856303 -0.584780779414583
1.44457038711498 -0.791673842364251
1.22599178220161 -0.747339614589323
1.02302593478205 -0.59955885533956
1.19476626721399 -0.570002703489607
1.42895762962117 -0.614336931264535
1.64753623453454 -0.59955885533956
1.39773211463355 -0.43700002016482
1.16354075222636 -0.43700002016482
0.929349389819177 -0.451778096089797
0.804447329868679 -0.348331564614962
0.976187662300614 -0.274441184990081
1.78805105197885 -0.303997336840034
1.61631071954692 -0.348331564614962
1.42895762962117 -0.259663109065104
1.2103790247078 -0.200550805365199
1.10108972225111 -0.0232138942654835
1.27283005468305 0.0950107131343264
1.36650659964592 -0.0971042738903649
1.55385968957167 -0.141438501665294
1.75682553699123 -0.111882349815341
1.63192347704073 0.00634225758446847
1.47579590210261 0.0950107131343264
1.38211935713973 0.346238003858924
1.53824693207786 0.272347624234042
1.70998726450979 0.168901092759208
1.94417862691698 0.021120333509445
1.95979138441079 0.198457244609161
1.75682553699123 0.316681852008971
1.61631071954692 0.390572231633852
1.52263417458404 0.567909142733568
1.67876174952217 0.715689901983331
1.77243829448504 0.523574914958639
1.94417862691698 0.375794155708876
2.1003062018551 0.390572231633852
2.14714447433654 0.627021446433473
2.11591895934891 0.789580281608213
1.92856586942316 0.553131066808592
1.88172759694173 0.76002412975826
1.86611483944792 0.907804889008022
-0.00741605980956103 -0.525668475714678
0.195549787609999 -0.466556172014772
0.117486000140938 -0.259663109065104
-0.179156392241496 -0.303997336840034
-0.647539117055865 -0.170994653515246
-0.366509482167244 -0.067548122040413
-0.101092604772435 -0.067548122040413
0.0862604851533127 0.0802326372093499
0.382902877535747 -0.0971042738903649
0.632706997436743 -0.126660425740318
0.304839090066685 0.154123016834231
0.179937030116187 0.198457244609161
-0.0542543322909978 0.242791472384089
-0.194769149735309 0.109788789059303
-0.663151874549678 0.050676485359398
-0.350896724673432 0.301903776083994
-0.179156392241496 0.434906459408781
-0.366509482167244 0.464462611258734
-0.522637057105367 0.375794155708876
-0.834892206981613 0.47924068718371
-1.00663253941355 0.745246053833283
-0.616313602068241 0.553131066808592
0.0238094551780637 0.494018763108687
0.13309875763475 0.346238003858924
0.367290120041934 0.405350307558829
0.617094239942931 0.316681852008971
0.741996299893429 0.59746529458352
0.460966665004808 0.59746529458352
0.226775302597624 0.582687218658544
0.0862604851533127 0.656577598283425
-0.147930877253872 0.612243370508497
-0.350896724673432 0.686133750133378
-0.507024299611555 0.730467977908307
-0.694377389537302 0.774802205683236
-0.866117721969238 0.952139116782951
-0.569475329586804 0.907804889008022
-0.382122239661056 0.922582964932999
-0.257220179710558 0.789580281608213
-0.179156392241496 0.893026813083046
-0.00741605980956103 0.833914509383141
0.304839090066685 0.730467977908307
0.492192179992433 0.819136433458165
0.695158027411993 0.804358357533188
0.944962147312989 0.937361040857975
0.195549787609999 0.922582964932999
-1.05347081189499 1.02602949640783
-1.11592184187023 1.27725678713243
-1.0690835693888 1.4841498500821
-0.866117721969238 1.69104291303177
-0.647539117055865 1.72059906488172
-0.257220179710558 1.97182635560632
0.039422212671876 1.97182635560632
0.320451847560497 1.89793597598143
0.601481482449119 1.8536017482065
0.820060087362491 1.64670868525684
1.00741317728824 1.38070331860726
0.804447329868679 1.18858833158257
0.585868724955306 1.05558564825779
0.382902877535747 0.966917192707927
0.460966665004808 1.14425410380764
0.585868724955306 1.30681293898238
0.695158027411993 1.51370600193205
0.53903045247387 1.67626483710679
0.460966665004808 1.43981562230717
0.258000817585248 1.60237445748191
0.226775302597624 1.43981562230717
0.320451847560497 1.26247871120745
0.179937030116187 1.29203486305741
0.226775302597624 1.11469795195769
-0.00741605980956103 1.02602949640783
0.0706477276595005 1.15903217973262
-0.147930877253872 1.04080757233281
-0.335283967179619 1.09991987603271
-0.553862572092992 1.05558564825779
-0.834892206981613 1.2329225593575
-0.725602904524927 1.36592524268229
-0.553862572092992 1.52848407785703
-0.553862572092992 1.27725678713243
-0.350896724673432 1.26247871120745
-0.163543634747684 1.21814448343252
0.0238094551780637 1.27725678713243
-0.210381907229121 1.33636909083233
-0.366509482167244 1.43981562230717
-0.257220179710558 1.52848407785703
-0.225994664722933 1.67626483710679
0.117486000140938 1.69104291303177
0.0550349701656882 1.55804022970698
0.0550349701656882 1.39548139453224
-0.0854798472786225 1.45459369823215
-0.132318119760059 1.83882367228153
-0.366509482167244 1.76493329265665
