-2.3830113095346 0.802985671070588
-2.39316011944585 0.522910730551856
-2.13436546670915 0.500201951590878
-1.93646367343991 0.310962126916059
-1.97198450812926 0.530480323538849
-1.92631486352866 0.56075869548682
-1.95168688830677 0.871112007953523
-2.00243093786299 0.924099158862472
-2.05824939237482 0.9997950887324
-2.1242166567979 1.14361735548526
-2.17496070635412 1.36313555210805
-2.15466308653163 1.46910985392595
-2.07347260724169 1.46910985392595
-2.02272855768547 1.19660450639421
-1.73856188017067 0.356379684838016
-1.69289223557007 0.659163404317726
-1.74871069008191 0.984655902758414
-1.75378509503753 1.17389572743323
-1.87557081397245 1.27230043626414
-1.9110916486618 1.46154026093896
-1.80452914459375 1.46154026093896
-1.85527319414996 1.53723619080889
-1.94153807839553 1.70376723652273
-2.00750534281861 1.77946316639265
-1.95168688830677 1.85515909626258
-1.64722259096948 2.1503732227553
-1.43917198778899 2.3547522334041
-1.47976722743397 2.02169014197642
-1.5355856819458 1.35556595912106
-1.33260948372094 1.61293212067881
-1.19052614496354 1.65834967860077
-1.12455888054046 1.71890642249671
-1.28693983912035 2.22606915262523
-1.2057493598304 2.33204345444313
-1.11948447558483 2.37746101236508
-1.07888923593986 2.3623218263911
-1.03321959133927 2.23363874561222
-1.04336840125051 2.18065159470327
-0.931731492226836 1.82488072431461
-0.926657087271215 1.90814624717153
-1.23112138460851 1.32528758717309
-1.23619578956413 1.40855311003001
-1.17530293009667 1.49938822587392
-1.1347076904517 1.46910985392595
-1.07381483098424 1.49181863288693
-1.05351721116175 1.59779293470483
-1.00784756656116 1.59022334171784
-1.02814518638365 1.51452741184791
-1.03829399629489 1.45397066795197
-1.04336840125051 1.40098351704302
-0.723680889046352 1.91571584015852
-0.672936839490136 1.92328543314552
-0.688160054357001 1.97627258405447
-0.743978508868838 2.22606915262523
-0.789648153469432 2.26391711756019
-0.525779095777111 1.99898136301544
-0.561299930466462 1.90057665418454
-0.29743087277414 2.07467729288537
-0.865764227803756 1.39341392405602
-0.784573748513811 1.36313555210805
-0.698308864268244 1.30257880821211
-0.642490409756407 1.33285718016008
-0.617118384978299 1.21931328535519
-0.642490409756407 1.53723619080889
-0.581597550288948 1.52966659782189
-0.520704690821489 1.48424903989994
-0.495332666043381 1.50695781886092
-0.429365401620301 1.43126188899099
-0.429365401620301 1.32528758717309
-0.449663021442787 1.24202206431617
-0.495332666043381 1.04521264665436
-0.515630285865868 0.992225495745407
-0.307579682685383 1.53723619080889
-0.145198724105493 1.74161520145769
-0.119826699327385 1.80974153834063
-0.00818979030371086 1.62050171366581
-0.23146360835106 1.22688287834218
-0.343100517374734 0.924099158862472
-0.272058847996033 0.772707299122617
-0.282207657907275 0.689441776265697
-0.277133252951654 0.628885032369755
-0.287282062862897 0.507771544577871
-0.195942773661709 0.659163404317726
-0.211165988528574 0.901390379901494
-0.119826699327385 1.04521264665436
-0.0843058646380344 1.15875654145925
-0.0589338398599265 1.21931328535519
0.0831494988974772 1.15875654145925
0.118670333586828 1.1057693905503
-0.13504991419425 0.886251193927509
-0.0386362200374403 0.848403228992545
0.159265573231801 0.818124857044574
0.336869746678556 0.530480323538849
-0.124901104283007 0.371518870812001
-0.0843058646380344 0.462353986655914
-0.0284874101261971 0.416936428733958
0.017182234474397 0.386658056785986
-1.03321959133927 0.787846485096603
-1.0179963764724 0.704580962239682
-1.0179963764724 0.545619509512834
-0.972326731871809 0.447214800681929
-0.91143387240435 0.507771544577871
-0.850541012936891 0.651593811330733
-0.794722558425054 0.742428927174646
-0.708457674179487 0.742428927174646
-0.728755294001974 0.628885032369755
-0.779499343558189 0.598606660421784
-0.794722558425054 0.454784393668921
-0.820094583203162 0.42450602172095
-0.845466607981269 0.318531719903052
-0.855615417892513 0.159570267176204
-0.931731492226836 -0.0145303715246296
-0.926657087271215 -0.0675175224335791
-0.743978508868838 0.530480323538849
-0.754127318780081 0.485062765616892
-0.708457674179487 0.500201951590878
-0.728755294001974 0.447214800681929
-0.713532079135109 0.416936428733958
-0.672936839490136 0.432075614707943
-0.743978508868838 0.371518870812001
-0.759201723735703 0.326101312890045
-0.784573748513811 0.288253347955081
-0.733829698957595 0.280683754968088
-0.698308864268244 0.303392533929066
-0.662788029578893 0.310962126916059
-0.683085649401379 0.25797497600711
-0.723680889046352 0.20498782509816
-0.71860648409073 0.152000674189211
-0.733829698957595 0.091443930293269
-0.74905291382446 0.0308871863973268
-0.794722558425054 0.0081784074363485
-0.820094583203162 0.0535959653583052
-0.840392203025648 -0.0372391504856079
-0.779499343558189 -0.188631010225463
-0.774424938602568 -0.112935080355535
-0.74905291382446 -0.135643859316514
-0.713532079135109 -0.143213452303507
-0.637416004800785 -0.0372391504856079
-0.581597550288948 0.0535959653583052
-0.551151120555219 -0.0145303715246296
-0.571448740377705 -0.135643859316514
-0.647564814712028 -0.188631010225463
-0.601895170111434 -0.31731409100434
-0.698308864268244 -0.264326940095391
-0.683085649401379 -0.302174905030354
-0.672936839490136 -0.347592462952311
-0.713532079135109 -0.370301241913289
-0.74905291382446 -0.370301241913289
-0.769350533646946 -0.377870834900282
-0.45981183135403 -0.332453276978326
-0.530853500732732 -0.393010020874268
-0.693234459312623 -0.582249845549086
-0.688160054357001 -0.612528217497058
-0.657713624623271 -0.695793740353978
-0.622192789933921 -0.574680252562094
-0.510555880910246 -0.461136357757203
-0.500407070999003 -0.498984322692166
-0.535927905688354 -0.498984322692166
-0.551151120555219 -0.551971473601116
-0.581597550288948 -0.650376182432021
-0.571448740377705 -0.680654554379992
-0.505481475954624 -0.597389031523072
-0.444588616487166 -0.582249845549086
-0.439514211531544 -0.491414729705173
-0.409067781797815 -0.491414729705173
-0.383695757019707 -0.506553915679159
-0.606969575067056 -0.786628856197891
-0.576523145333327 -0.794198449184884
-0.510555880910246 -0.779059263210898
-0.530853500732732 -0.801768042171877
-0.525779095777111 -0.832046414119848
-0.317728492596627 -0.506553915679159
-0.29743087277414 -0.506553915679159
-0.32787730250787 -0.627667403471043
-0.398918971886572 -0.779059263210898
-0.388770161975328 -0.877463972041804
-0.429365401620301 -0.922881529963761
-0.39384456693095 -1.05913420372963
-0.343100517374734 -0.998577459833688
-0.343100517374734 -0.900172751002782
-0.348174922330356 -0.83961600710684
-0.332951707463491 -0.779059263210898
-0.251761228173546 -0.551971473601116
-0.246686823217925 -0.597389031523072
-0.206091583572952 -0.673084961393
-0.251761228173546 -0.832046414119848
-0.307579682685383 -1.07427338970362
-0.175645153839222 -0.824476821132855
-0.185793963750466 -0.907742343989775
-0.0690826497711698 -0.748780891262927
-0.0234130051705754 -0.779059263210898
-0.241612418262303 -1.11212135463858
-0.221314798439817 -1.07427338970362
-0.190868368706087 -1.03642542476865
-0.190868368706087 -1.09698216866459
-0.16549634392798 -1.00614705282068
-0.13504991419425 -0.991007866846696
-0.114752294371764 -1.03642542476865
-0.089380269593656 -0.938020715937746
-0.0589338398599265 -0.938020715937746
0.0121078295187753 -0.907742343989775
0.0273310443856403 -0.862324786067819
0.0882239038530989 -0.847185600093833
0.174488788098666 -0.869894379054811
0.0983727137643421 -0.968299087885717
0.00195901960753242 -1.02885583178166
-0.104603484460521 -1.09698216866459
-0.140124319149872 -1.11969094762557
-0.195942773661709 -1.14996931957354
-0.155347534016736 -1.21809565645648
-0.145198724105493 -1.23323484243046
-0.109677889416142 -1.25594362139144
-0.089380269593656 -1.29379158632641
-0.0792314596824127 -1.20295647048249
-0.0538594349043049 -1.28622199333941
-0.0538594349043049 -1.11969094762557
-0.0132641952593325 -1.23323484243046
0.0222566394300186 -1.23323484243046
0.0374798542968832 -1.25594362139144
0.0374798542968832 -1.18781728450851
0.0577774741193694 -1.11969094762557
0.210009622788016 -0.97586868087271
0.28612569712234 -0.938020715937746
0.301348911989205 -1.01371664580767
0.321646531811691 -1.01371664580767
0.326720936767313 -1.06670379671662
0.255679267388611 -1.0894125756776
0.230307242610503 -1.09698216866459
0.255679267388611 -1.17267809853452
0.18971200296553 -1.17267809853452
0.169414383143044 -1.1953868774955
0.0831494988974772 -1.21809565645648
0.128819143498072 -1.24837402840445
0.154191168276179 -1.29379158632641
0.062851879074991 -1.33163955126137
0.0780750939418559 -1.34677873723536
0.113595928631207 -1.36191792320934
0.255679267388611 -1.39219629515731
0.28612569712234 -1.36191792320934
0.291200102077962 -1.38462670217032
0.367316176412285 -1.34677873723536
0.367316176412285 -1.30893077230039
0.453581060657852 -1.22566524944347
0.453581060657852 -1.12726054061257
0.44850665570223 -1.01371664580767
0.433283440835366 -0.968299087885717
0.499250705258446 -0.885033565028797
0.575366779592769 -0.847185600093833
0.636259639060228 -1.32406995827438
0.580441184548391 -1.31650036528738
0.549994754814662 -1.31650036528738
0.494176300302824 -1.23323484243046
0.519548325080932 -1.22566524944347
0.47895308543596 -1.14996931957354
0.51447392012531 -1.10455176165159
0.524622730036554 -1.12726054061257
0.565217969681526 -1.16510850554753
0.651482853927093 -1.16510850554753
0.615962019237742 -1.22566524944347
0.656557258882715 -1.24080443541746
0.681929283660822 -1.24080443541746
0.666706068793958 -1.05156461074264
0.64133404401585 -0.953159901911732
0.646408448971471 -0.907742343989775
0.727598928261416 -0.89260315801579
0.742822143128281 -0.847185600093833
0.778342977817632 -0.779059263210898
0.829087027373848 -0.635236996458036
0.915351911619415 -0.710932926327963
0.839235837285091 -0.786628856197891
0.844310242240712 -0.83961600710684
0.834161432329469 -0.877463972041804
0.813863812506983 -0.915311936976768
0.834161432329469 -0.960729494898725
0.798640597640119 -1.07427338970362
0.813863812506983 -1.1953868774955
0.86968226701882 -1.21052606346949
0.849384647196334 -1.14239972658655
0.854459052151956 -1.10455176165159
0.991467985953738 -1.14239972658655
0.991467985953738 -1.08184298269061
0.940723936397522 -1.04399501775564
0.915351911619415 -0.983438273859703
0.955947151264387 -0.938020715937746
0.920426316575036 -0.900172751002782
1.02698882064309 -0.960729494898725
1.04728644046558 -0.983438273859703
1.04728644046558 -0.89260315801579
1.10817929993303 -0.89260315801579
1.01684001073185 -0.809337635158869
0.991467985953738 -0.75635048424992
1.02698882064309 -0.733641705288942
1.0523608454212 -0.748780891262927
1.06758406028806 -0.779059263210898
1.01684001073185 -0.665515368406007
1.03713763055433 -0.650376182432021
1.08788168011055 -0.627667403471043
1.13355132471114 -0.62009781048405
1.16399775444487 -0.763920077236913
1.24518823373482 -0.824476821132855
1.26041144860168 -0.741211298275935
1.23503942382357 -0.718502519314956
1.17922096931174 -0.642806589445029
1.1944441841786 -0.612528217497058
1.19951858913422 -0.567110659575101
1.34667633284725 -0.726072112301949
1.37712276258098 -0.680654554379992
0.489101895347203 -1.17267809853452
1.07265846524368 -0.476275543731188
1.11325370488866 -0.415718799835246
1.17414656435611 -0.423288392822239
1.18429537426736 -0.377870834900282
1.15892334948925 -0.324883683991333
1.25533704364606 -0.45356676477021
1.24518823373482 -0.355162055939304
1.27563466346855 -0.362731648926297
1.3111554981579 -0.302174905030354
1.22489061391233 -0.302174905030354
1.21474180400109 -0.218909382173434
1.26041144860168 -0.196200603212456
1.40249478735908 -0.370301241913289
1.42786681213719 -0.408149206848253
1.42279240718157 -0.249187754121405
1.35682514275849 -0.203770196199449
1.33145311798038 -0.150783045290499
1.32130430806914 -0.112935080355535
1.28578347337979 -0.0599479294465862
1.2654858535573 0.0081784074363485
1.30100668824665 0.061165558345298
1.3111554981579 0.000608814449355902
1.35175073780287 -0.0296695574986153
1.3821971675366 -0.0448087434726008
1.44816443195968 -0.0599479294465862
1.43801562204844 0.0081784074363485
1.38727157249222 0.12172230224124
1.31622990311352 0.129291895228233
1.336527522936 0.189848639124175
1.37204835762536 0.356379684838016
1.41771800222595 0.371518870812001
1.39234597744784 0.348810091851023
1.42279240718157 0.333670905877037
1.43801562204844 0.318531719903052
1.51920610133838 0.310962126916059
1.48875967160465 0.159570267176204
1.48368526664903 0.114152709254247
1.50905729142714 0.0308871863973268
1.53950372116087 -0.0523783364595934
1.54457812611649 0.0233175934103342
1.56487574593898 0.091443930293269
1.61054539053957 0.0990135232802618
1.63084301036206 -0.0145303715246296
1.63591741531768 0.0535959653583052
1.64606622522892 0.152000674189211
1.63591741531768 0.356379684838016
1.61054539053957 0.401797242759972
1.65621503514016 0.416936428733958
1.65114063018454 0.469923579642907
1.72218229956324 0.4774931726299
1.68666146487389 0.538049916525842
1.71710789460762 0.704580962239682
1.68666146487389 0.742428927174646
1.66128944009579 0.651593811330733
1.63591741531768 0.628885032369755
1.58009896080584 0.613745846395769
1.55472693602773 0.613745846395769
1.51413169638276 0.507771544577871
1.47353645673779 0.507771544577871
1.41771800222595 0.659163404317726
1.46338764682654 0.712150555226675
1.48875967160465 0.674302590291712
1.41264359727033 0.787846485096603
1.53950372116087 0.727289741200661
1.58009896080584 0.742428927174646
