-0.920426658791709 -2.07284647031721
-0.956776029901762 -2.13261466775602
-1.09005705730529 -1.94477176151975
-1.09611528582363 -1.95331007543958
-1.17487225656208 -1.77400548312315
-1.2354545417455 -1.80815873880247
-1.26574568433721 -1.65446908824552
-1.32632796952063 -1.61177751864637
-1.44143431136913 -1.44954955416959
-1.40508494025907 -1.27024496185316
-1.39902671174073 -1.18486182265485
-1.56865711025431 -1.10801699737638
-1.57471533877265 -0.920174091140114
-1.50201659655255 -0.877482521540962
-1.59289002432768 -0.723792870984016
-1.63529762395607 -0.638409731785713
-1.62923939543773 -0.433490197709785
-1.71405459469452 -0.399336942030464
-1.62923939543773 -0.305415488912331
-1.66558876654778 -0.160264152275215
-1.58683179580934 -0.0834193269967425
-1.69587990913949 0.0788086374800334
-1.67770522358447 0.138576834918846
-1.55048242469928 0.138576834918846
-1.59289002432768 0.386187938593925
-1.64135585247441 0.403264566433586
-1.57471533877265 0.693567239707817
-1.54442419618094 0.710643867547477
-1.48990013951586 0.847256890264762
-1.56865711025431 0.958254971222557
-1.41720139729576 1.1119446217795
-1.46566722544249 1.20586607489764
-1.32026974100229 1.27417258625628
-1.34450265507565 1.38517066721407
-1.21727985619047 1.51324537601153
-1.21122162767213 1.66693502656847
-1.15063934248871 1.75231816576678
-1.0779406002686 1.69254996832796
-0.920426658791709 1.88039287456423
-0.987067172493472 1.94016107200304
-0.835611459534921 2.09385072255999
-0.835611459534921 1.9572376998427
-0.696272203613053 2.19631048959795
-0.659922832503001 2.0682357808005
-0.502408891026107 2.22192543135744
-0.502408891026107 2.29023194271609
-0.332778492512529 2.25607868703676
-0.332778492512529 2.36707676799456
-0.157089865480609 2.32438519839541
-0.144973408443926 2.48661316287218
-0.0359252951137682 2.46099822111269
0.000424075996284247 2.29023194271609
0.121588646363125 2.34146182623507
0.151879788954836 2.40976833759371
0.321510187468413 2.41830665151354
0.242753216729967 2.25607868703676
0.497198814500333 2.19631048959795
0.551722871165412 2.2390020591971
0.648654527458885 2.17069554783846
0.715295041160647 2.18777217567812
0.81222669745412 2.0682357808005
0.81222669745412 1.92308444416338
0.951565953375988 1.89746950240389
0.969740638931014 1.97431432768236
1.06061406670615 1.70108828224779
1.13937103744459 1.74377985184695
1.23630269373806 1.6754733404883
1.23630269373806 1.53886031777102
1.2847685218848 1.42786223681322
1.35746726410491 1.42786223681322
1.38775840669662 1.04363811042086
1.42410777780667 1.15463619137865
1.46045714891672 0.949716657302726
1.47257360595341 0.872871832024253
1.43016600632501 0.702105553627647
1.50892297706346 0.616722414429344
1.57556349076522 0.685028925787986
1.52709766261848 0.360572996834434
1.67855337557704 0.360572996834434
1.58162171928356 0.121500207079185
1.72096097520543 0.147115148838676
1.69066983261372 -0.100495954836403
1.61797109039362 -0.151725838355385
1.64220400446698 -0.348107058511482
1.56950526224688 -0.416413569870125
1.63614577594864 -0.672562987465034
1.55133057669185 -0.655486359625374
1.49074829150843 -0.877482521540962
1.59373817632025 -0.903097463300453
1.47863183447175 -1.17632350873502
1.5876799478019 -1.15924688089536
1.35746726410491 -1.30439821753248
1.41199132076998 -1.52639437944807
1.30294320743983 -1.52639437944807
1.3271761215132 -1.63739246040586
1.23024446521972 -1.73131391352399
1.23024446521972 -1.79108211096281
1.06061406670615 -1.91915681976026
1.12725458040791 -2.00453995895856
0.92733303930262 -2.11553803991636
0.915216582265935 -2.183844551275
0.842517840045831 -2.31191926007246
0.806168468935778 -2.23507443479398
1.54527234817351 -0.100495954836403
1.43622423484335 0.0361170678808818
1.30900143595817 0.130038520999015
1.24841915077475 -0.117572582676064
1.41199132076998 -0.27980054715284
1.34535080706822 -0.621333103946052
1.35140903558656 -0.911635777220283
1.18783686559133 -0.527411650827919
1.04243938115112 -1.08240205561689
0.915216582265935 -1.09947868345655
0.7516444122707 -1.21047676441434
0.890983668192567 -0.962865660739265
1.01214823855941 -0.664024673545204
1.14542926596293 -0.467643453389107
1.10302166633454 -0.433490197709785
1.10302166633454 -0.424951883789955
0.521431728573701 -1.0567871138574
0.491140585981991 -0.954327346819435
0.612305156348832 -0.954327346819435
0.691062127087279 -0.954327346819435
0.606246927830491 -0.80917601018232
0.54566464264707 -0.698177929224525
0.727411498197332 -0.681101301384865
0.757702640789042 -0.843329265861641
0.763760869307384 -0.800637696262489
0.824343154490804 -0.732331184903847
0.830401383009146 -0.629871417865883
0.903100125229251 -0.664024673545204
1.00003178152272 -0.450566825549446
1.00609001004107 -0.442028511629616
0.915216582265935 -0.484720081228767
0.915216582265935 -0.484720081228767
0.836459611527489 -0.450566825549446
0.836459611527489 -0.390798628110634
0.787993783380752 -0.433490197709785
0.588072242275464 -0.450566825549446
0.630479841903859 -0.390798628110634
0.582014013757122 -0.322492116751991
0.472965900426965 -0.459105139469276
0.382092472651834 -0.54448827866758
0.248811445248308 -0.723792870984016
0.176112703028204 -0.698177929224525
0.406325386725202 -0.126110896595894
0.40026715820686 -0.091957640916573
0.43055830079857 -0.348107058511482
0.40026715820686 -0.339568744591652
0.618363384867174 -0.211494035794197
0.654712755977227 -0.185879094034706
0.72135326967899 -0.185879094034706
0.763760869307384 -0.177340780114876
0.806168468935778 -0.0834193269967425
0.836459611527489 -0.0578043852372512
0.890983668192567 -0.0578043852372512
0.897041896710909 -0.0492660713174214
0.897041896710909 -0.143187524435554
0.95762418189433 -0.168802466195046
1.03638115263278 -0.177340780114876
1.06061406670615 -0.0578043852372512
0.981857095967698 0.00196381220156064
0.903100125229251 0.155653462758507
1.0545558381878 0.130038520999015
1.07273052374283 0.0702703235602036
1.13937103744459 0.181268404517997
1.20601155114635 0.334958055074943
1.1696621800363 0.334958055074943
1.12119635188957 0.369111310754265
1.11513812337122 0.531339275231041
1.02426469559609 0.565492530910362
1.00003178152272 0.753335437146629
0.95762418189433 0.394726252513755
0.92733303930262 0.480109391712059
0.854634297082515 0.445956136032737
0.757702640789042 0.445956136032737
0.715295041160647 0.599645786589683
0.666829213013911 0.574030844830192
0.569897556720438 0.539877589150871
0.660770984495569 0.428879508193077
0.733469726715673 0.309343113315452
0.709236812642305 -0.0663426991570817
0.666829213013911 -0.0663426991570817
0.672887441532253 -0.0065745017182698
0.733469726715673 0.0190404400412215
0.666829213013911 0.0873469513998638
0.739527955234016 0.104423579239525
0.739527955234016 0.147115148838676
0.672887441532253 0.198345032357658
0.582014013757122 0.24103660195681
0.485082357463649 0.292266485475791
0.43055830079857 0.591107472669853
0.442674757835255 0.104423579239525
0.436616529316912 0.181268404517997
0.333626644505098 0.0873469513998638
0.303335501913387 0.147115148838676
0.297277273395045 0.181268404517997
0.133705103399809 0.445956136032737
0.19428738858323 0.556954216990531
0.182170931546546 -0.0407277573975909
0.103413960808099 0.0446553818007122
0.0610063611797049 0.0446553818007122
-0.7750291743515 -1.37270472889112
-1.05976591471358 -1.21901507833417
-0.859844373608289 -0.851867579781471
-1.12640642841534 -0.81771432410215
-1.2354545417455 -0.655486359625374
-1.34450265507565 -0.621333103946052
-1.24757099878218 -0.348107058511482
-1.3081532839656 -0.220032349714027
-1.25968745581886 -0.220032349714027
-1.24151277026384 -0.0578043852372512
-1.1930469421171 -0.0236511295579301
-1.1930469421171 -0.151725838355385
-1.15063934248871 -0.151725838355385
-1.12640642841534 -0.322492116751991
-1.11428997137866 -0.399336942030464
-1.05370768619523 -0.365183686351143
-1.06582414323192 -0.27126223323301
-1.02341654360352 -0.202955721874367
-0.993125401011814 -0.202955721874367
-0.962834258420104 -0.211494035794197
-0.987067172493472 -0.313953802832161
-0.908310201755025 -0.365183686351143
-0.932543115828393 -0.416413569870125
-0.944659572865078 -0.442028511629616
-0.932543115828393 -0.510335022988259
-0.938601344346736 -0.612794790026222
-0.768970945833158 -0.715254557064186
-0.672039289539685 -0.80917601018232
-0.647806375466317 -0.81771432410215
-0.593282318801238 -0.928712405059944
-0.538758262136159 -0.851867579781471
-0.417593691769318 -0.851867579781471
-0.435768377324344 -0.80917601018232
-0.514525348062791 -0.757946126663338
-0.575107633246212 -0.706716243144356
-0.562991176209528 -0.672562987465034
-0.496350662507765 -0.638409731785713
-0.690213975094711 -0.646948045705543
-0.702330432131395 -0.595718162186562
-0.750796260278132 -0.604256476106392
-0.411535463250976 -0.587179848266731
-0.508467119544449 -0.510335022988259
-0.617515232874606 -0.535949964747749
-0.617515232874606 -0.459105139469276
-0.714446889168079 -0.407875255950294
-0.684155746576369 -0.390798628110634
-0.678097518058027 -0.28833886107267
-0.817436773979894 -0.313953802832161
-0.811378545461552 -0.28833886107267
-0.920426658791709 -0.134649210515725
-0.74473803175979 -0.27126223323301
-0.768970945833158 -0.177340780114876
-0.74473803175979 -0.100495954836403
-0.811378545461552 -0.168802466195046
-0.835611459534921 -0.117572582676064
-0.896193744718341 -0.0663426991570817
-0.944659572865078 0.00196381220156064
-0.914368430273367 0.0702703235602036
-0.871960830644973 0.0702703235602036
-0.920426658791709 0.181268404517997
-0.944659572865078 0.215421660197319
-0.944659572865078 0.23249828803698
-1.0052418580485 0.23249828803698
-0.974950715456788 0.343496368994773
-1.38085202618571 0.309343113315452
-1.06582414323192 0.497186019551719
-1.0779406002686 0.565492530910362
-0.993125401011814 0.556954216990531
-1.03553300064021 0.949716657302726
-0.865902602126631 0.411802880353416
-0.80532031694321 0.420341194273246
-0.684155746576369 0.497186019551719
-0.641748146947974 0.488647705631889
-0.56904940472787 0.488647705631889
-0.556932947691186 0.736258809306968
-0.678097518058027 0.719182181467307
-0.726563346204763 0.155653462758507
-0.617515232874606 0.189806718437828
-0.562991176209528 0.198345032357658
-0.556932947691186 0.275189857636131
-0.617515232874606 -0.202955721874367
-0.617515232874606 -0.0834193269967425
-0.617515232874606 -0.0236511295579301
-0.581165861764554 -0.0663426991570817
-0.526641805099475 -0.0407277573975909
-0.496350662507765 -0.091957640916573
-0.435768377324344 -0.194417407954536
-0.417593691769318 -0.168802466195046
-0.36306963510424 -0.168802466195046
-0.405477234732634 -0.27980054715284
-0.466059519916055 -0.382260314190804
-0.272196207329109 -0.177340780114876
-0.114682265852215 -0.27126223323301
-0.163148093998952 0.147115148838676
-0.266137978810767 0.0531936957205427
-0.411535463250976 0.0190404400412215
-0.411535463250976 0.104423579239525
-0.381244320659266 0.206883346277488
