-0.0598713598740595 0.0467082300017167
0.10791786591598 -0.0647935782395278
0.03075931683005 0.00259762454364179
-0.0819166596128966 -0.0212956200794819
-0.0745682263666177 0.137992677408011
-0.0494610794418305 -0.0237462092715975
0.0736251774333445 -0.0347738606361161
-0.14315360333189 -0.0359991552321736
0.0479056610713677 -0.0488647484907787
-0.202553438739312 0.145957092282385
-0.189693680558324 0.070601474624841
-0.0874279845476061 0.0871429516716186
-0.110085653723633 0.0699888273268119
-0.146827819955029 -0.0072047322248193
0.0730128079961549 -0.0212956200794819
-0.182957616749234 0.0326173421470541
0.0607654192523561 -0.0715326985178449
0.0430067055738483 -0.0464141592986637
0.0197366669606309 0.0859176570755611
0.121389993534159 0.00137232994758429
0.0877096744887132 0.112874138188829
-0.089265092859176 -0.000465611946502231
-0.028028149140183 0.186391813952287
0.10975497422755 -0.239398058177741
-0.0133312826476247 -0.08439829177645
-0.0617084681856293 0.122063847659261
0.118940515785399 0.192518286932576
0.126288949031678 -0.0206829727814529
0.0534169860060772 0.189455050442432
0.0883220439259027 -0.081947702584335
-0.020067346456714 0.0779532422011865
0.0919962605490424 -0.0096553214169343
0.108530235353171 -0.0145564998011648
-0.0457868628186908 0.106747665208541
0.158132159765554 0.15882268554099
-0.0163931298335743 -0.0139438525031364
-0.0237415630798537 0.0130126286101319
-0.0274157797029934 0.191905639634547
0.0564788331920268 0.00321027184167081
0.079136502368054 -0.223469228428992
0.625370040341468 0.0148505705042184
0.638229798522457 0.019751748888449
0.735596539035655 0.0540599975780628
0.60944843497453 -0.0163944416952514
0.717225455919957 -0.0188450308873669
0.682932767437321 -0.000465611946502231
0.719674933668717 0.155759449050846
0.626594779215848 -0.190386274335436
0.5322898858886 0.0436449935115727
0.720287303105907 -0.0556038687690957
0.382259373777068 0.0436449935115727
0.69762963392988 0.30953392085608
0.727635736352186 0.0117873340140744
0.775400552453 0.00627350833181484
0.69579252561831 -0.0574418106631823
0.724573889166237 0.0601864705583509
0.753355252714163 0.0614117651544084
0.598425785105112 -0.0911374120547671
0.543312535758018 -0.0170070889932804
0.460642661737378 0.00872409752392984
0.654151403889395 -0.152402141857649
0.499221936280344 0.0938820719499357
0.632718473587748 -0.111354772889718
0.584341288049744 -0.0488647484907787
0.5322898858886 0.0951073665459932
0.648027709517496 0.28319008704084
0.487586916973735 -0.081947702584335
0.811530349247206 -0.0507026903848652
0.663336945447244 0.318110983028483
0.680483289688562 -0.0562165160671248
0.565970204934046 -0.105840947207459
0.554335185627437 0.0240402799746505
0.642516384582786 -0.0409003336164041
0.488811655848115 0.0301667529549385
0.690281200683601 -0.0127185579070783
0.61251028216048 -0.0929753539488536
0.580667071426604 0.00994939211998788
0.69701726449269 -0.0133312052051073
0.667011162070383 0.11777531657306
0.644965862331546 0.125127084149405
0.420838648320033 0.455343977786938
0.288566849887009 0.460245156171169
0.332657449364683 0.482300458900206
0.377972787716738 0.427162202077613
0.374298571093599 0.508644292715446
0.295302913696098 0.54233989410703
0.311224519063036 0.541114599510973
0.467378725546467 0.307083331663964
0.310612149625846 0.424098965587469
0.368174876721699 0.331589223585117
0.498609566843153 0.586450499565105
0.377360418279548 0.535600773828713
0.351028532480381 0.591351677949336
0.339393513173773 0.578486084690731
0.469215833858037 0.593802267141451
0.371236723907649 0.347518053333867
0.229167014479586 0.527636358954339
0.354090379666331 0.524573122464195
0.433086037063832 0.595640209035537
0.291016327635769 0.475561338621889
0.303263716379567 0.710205253766926
0.294690544258908 0.432676027759872
0.507795108401003 0.418585139905209
0.36143881291261 0.637912872599526
0.419613909445653 0.484138400794293
0.387770698711777 0.534375479232656
0.476564267104316 0.489039579178523
0.298977130319238 0.347518053333867
0.343680099234102 0.506806350821359
0.463092139486138 0.634849636109382
0.291628697072958 0.435739264250016
0.571481529868755 0.743288207860483
0.36756250728451 0.26787390459012
0.505958000089433 0.464533687257371
0.382871743214257 0.533762831934627
0.491261133596875 0.584612557671019
0.436760253686971 0.451668093998766
0.402467565204335 0.532537537338569
0.226105167293637 0.520897238676022
0.478401375415886 0.557043429259722
0.00932638652840249 0.701015544296494
-0.21908741354344 0.611569038784287
-0.250930624277316 0.47494869132386
-0.0133312826476247 0.740837618668367
-0.114984609221153 0.483525753496264
-0.0255786713914236 0.571134317114385
-0.283998573885572 0.34077893305555
0.177727981755632 0.421035729097324
-0.127231997964951 0.66180611722265
-0.114984609221153 0.474336044025832
-0.198266852678983 0.530086948146454
0.0724004385589648 0.610956391486258
-0.309718090247549 0.7138811375551
-0.171322597442626 0.652616407752217
-0.124170150779001 0.622596690148806
-0.101512481602974 0.582161968478904
-0.193980266618653 0.622596690148806
-0.0880403539847957 0.549079014385347
-0.00169626334101606 0.56868372792227
-0.0249663019542334 0.627497868533036
-0.188468941683944 0.688149951037889
-0.0580342515624896 0.689375245633947
-0.22214926072939 0.665482001010823
-0.185407094497994 0.367735414168817
-0.21969978298063 0.611569038784287
-0.0457868628186908 0.50619370352333
-0.206840024799642 0.47004751293963
-0.0855908762360363 0.603604623909912
-0.268689337955825 0.545403130597174
-0.312167567996309 0.732260556495964
0.0227985141465805 0.680798183461543
-0.00965706602448559 0.564395196836068
-0.150502036578168 0.511094881907561
-0.0904898317335557 0.476786633217947
-0.167648380819487 0.606667860400056
-0.0249663019542334 0.607280507698085
-0.0114941743360549 0.477399280515976
-0.301144918126891 0.540501952212944
-0.298083070940941 0.571746964412414
0.0913838911118523 0.499454583245013
-0.651420236199528 0.262972726205889
-0.561401928932609 0.169850336905509
-0.546092693002861 0.196194170720748
-0.560789559495419 0.220087415343872
-0.596306986852435 0.234790950496564
-0.618352286591272 0.352419231718097
-0.587121445294586 0.310146568154109
-0.467097035605361 0.337715696565406
-0.460360971796271 0.18516651935623
-0.503226832399566 0.12267649495729
-0.582222489797067 0.224988593728103
-0.647746019576389 0.261134784311803
-0.63978521689292 0.418585139905209
-0.668566580440846 0.273387730272379
-0.525884501575594 0.0381311678293131
-0.586509075857396 0.213348295065555
-0.590795661917726 0.0424196989155152
-0.576098795425168 0.220087415343872
-0.598756464601195 0.248269191053198
-0.582222489797067 0.275225672166466
-0.573649317676408 0.291767149213244
-0.418107480630166 0.350581289824011
-0.528946348761543 0.225601241026131
-0.727354046411079 0.0516094083859473
-0.55099164850038 0.434513969653958
-0.433416716559914 0.332201870883146
-0.629374936460691 0.335877754671319
-0.610391483907803 0.182103282866085
-0.457299124610322 0.42838749667367
-0.575486425987977 0.316273041134397
-0.650195497325149 0.403268957454489
-0.713269549355711 0.289316560021128
-0.622026503214412 0.226826535622189
-0.629987305897881 0.311371862750166
-0.615290439405323 0.382438949321509
-0.561401928932609 0.346905406035838
-0.493428921404528 0.242755365370939
-0.535682412570632 0.310759215452137
-0.524047393264024 0.231115066708391
-0.543030845816911 0.103071781420368
-0.618964656028462 -0.122995071552266
-0.649583127887958 -0.362540165081534
-0.558952451183849 -0.29698690419245
-0.590795661917726 -0.238172763581683
-0.484243379846678 -0.40603812324158
-0.394225072579759 -0.466077558448404
-0.594469878540866 -0.47342932602475
-0.824720786924278 -0.218568050044761
-0.575486425987977 -0.420129011096242
-0.729191154722649 -0.163429793222168
-0.583447228671446 -0.313528381239228
-0.498940246339237 -0.309852497451055
-0.604880158973094 -0.197738041911782
-0.513637112831795 -0.281058074443701
-0.663055255506137 -0.314753675835286
-0.702246899486292 -0.40052429755932
-0.539356629193772 -0.266967186589038
-0.498327876902047 -0.329457210987977
-0.503839201836756 -0.331907800180092
-0.597531725726815 -0.230208348707309
-0.700409791174723 -0.135248017512842
-0.448113583052473 -0.437895782739078
-0.612840961656563 -0.247362473052116
-0.597531725726815 -0.237560116283654
-0.421169327816116 -0.246749825754087
-0.680201599747455 -0.331295152882064
-0.542418476379721 -0.288409842020046
-0.6410099557673 -0.240623352773798
-0.650195497325149 -0.344160746140669
-0.614065700530943 -0.314753675835286
-0.531395826510303 -0.156690672943851
-0.584671967545827 -0.209990987872358
-0.601205942349954 -0.0574418106631823
-0.503839201836756 -0.295148962298364
-0.657543930571428 -0.197738041911782
-0.487917596469818 -0.187935685143321
-0.644684172390439 -0.358864281293361
-0.549766909626001 -0.228983054111251
-0.713269549355711 -0.29208572580822
-0.537519520882202 -0.205702456786156
-0.173159705754196 -0.419516363798214
0.0209614058350112 -0.548172296384265
-0.260728535272355 -0.592895549140369
-0.102737220477354 -0.647421158664934
-0.121720673030242 -0.644970569472819
-0.422394066690496 -0.437283135441049
-0.203165808176502 -0.711136477659931
-0.175609183502956 -0.658448810029452
-0.338499453795476 -0.555524063960611
-0.187244202809564 -0.684179996546663
-0.0366013212608421 -0.589832312650225
-0.13458043121123 -0.622302619445752
-0.237458496659138 -0.605761142398974
-0.146215450517839 -0.51999052067494
-0.0727311180550479 -0.627203797829983
-0.131518584025281 -0.590444959948254
-0.0800795513013267 -0.743606784455458
-0.126619628527761 -0.459951085468116
-0.195817374930223 -0.532243466635516
-0.181732877874855 -0.670701755990029
-0.165198903070727 -0.440959019229222
-0.157850469824448 -0.678053523566375
-0.353196320288034 -0.599022022120657
-0.216637935794681 -0.461789027362202
-0.2215368912922 -0.739318253369256
-0.271751185141774 -0.602085258610801
-0.13947938670875 -0.701946768189499
-0.173159705754196 -0.569002304517245
-0.0647703153715789 -0.586156428862052
-0.188468941683944 -0.709298535765844
-0.181732877874855 -0.536531997721718
-0.260728535272355 -0.557974653152727
-0.114984609221153 -0.605148495100945
0.0883220439259027 -0.639456743790559
-0.173772075191386 -0.705622651977671
-0.170710228005436 -0.588607018054167
-0.0641579459343888 -0.703172062785556
-0.126007259090571 -0.6339429181083
-0.0929393094823151 -0.775464443952957
-0.129069106276521 -0.647421158664934
0.44227157862168 -0.395623119175089
0.449620011867959 -0.435445193546963
0.207121714740748 -0.319654854219516
0.377360418279548 -0.567777009921188
0.494935350220014 -0.426255484076531
0.487586916973735 -0.454437259785856
0.471052942169607 -0.733191780388968
0.502283783466293 -0.52489169905917
0.355927487977901 -0.474654620620807
0.27754420001759 -0.443409608421337
0.393894393083676 -0.379081642128311
0.383484112651447 -0.547559649086236
0.257948378027512 -0.539595234211862
0.551273338441487 -0.350287219120957
0.463092139486138 -0.577579366689649
0.286117372138249 -0.668863814095942
0.430636559315072 -0.543271118000035
0.333882188239063 -0.506512280118306
0.409203629013424 -0.554298769364553
0.390220176460537 -0.485682271985326
0.487586916973735 -0.481393740899124
0.371849093344839 -0.448310786805568
0.480238483727456 -0.599022022120657
0.382259373777068 -0.427480778672588
0.384096482088638 -0.432994604354847
0.239577294911815 -0.516314636886767
0.319185321746505 -0.507737574714364
0.36756250728451 -0.641294685684646
0.35837696572666 -0.526116993655228
0.576380485366275 -0.58186789777585
0.415939692822514 -0.426868131374559
0.36266355178699 -0.501611101734075
0.256723639153133 -0.402974886751436
0.520042497144801 -0.328844563689948
0.393282023646486 -0.520603167972969
0.220593842358927 -0.442796961123308
0.136699229463907 -0.396848413771147
0.344904838108482 -0.417065774606098
0.426962342691932 -0.318429559623459
0.371849093344839 -0.512026105800565
2.04423002631053 -0.104615652611401
1.88746345038991 0.0987832503341662
2.02524657375764 0.073052063816956
1.86847999783702 -0.085010939074479
1.96156015228989 0.028328811060852
1.81642859567588 0.0387438151273421
1.87705316995768 -0.028034740357799
1.96339726060146 0.0638623543465239
1.83235020104281 -0.0182323835893379
1.90644690294279 0.0123999813121029
1.92849220268163 -0.159753909433995
2.01728577107417 0.0595738232603218
1.93400352761634 0.225601241026131
1.92298087774692 -0.161591851328081
2.02830842094359 -0.1003271215252
1.90522216406841 -0.148726258069476
2.02953315981797 0.0558979394721493
2.13853491963778 0.188842403144403
1.92053139999816 0.0454829354056592
1.89971083913371 -0.0856235863725081
2.00075179627004 -0.0623429890474128
2.18201314967826 -0.0776591714981329
1.98176834371716 -0.0862362336705365
1.8390862648519 0.0920441300558491
1.94992513298328 -0.0562165160671248
1.91991903056097 -0.140149195897073
1.87766553939487 -0.0709200512198164
2.04300528743615 0.15882268554099
1.98727966865187 0.172300926097624
2.01238681557665 0.070601474624841
1.97748175765683 0.0405817570214287
1.98544256034029 0.00198497724561331
2.01667340163698 -0.0690821093257299
1.86847999783702 -0.0151691470991939
1.90705927237998 -0.0948132958429401
1.97503227990807 -0.126670955340438
2.01299918501384 -0.108904183697603
1.97135806328493 -0.174457444586686
1.99156625471219 0.000147035351526791
1.96584673835022 -0.00414149573467528
1.33633095691897 1.42884053435473
1.2677455799537 1.42455200326853
1.24508791077767 1.5599470561329
1.13118719546035 1.52502616014525
1.2983640518132 1.62856355351212
1.14282221476696 1.5771011804777
1.21079522229504 1.49745703173396
1.22120550272727 1.46743731413055
1.19977257242562 1.5366664588078
1.18691281424463 1.5238008655492
1.27693112151155 1.62243708053184
1.310611440557 1.58445294805405
1.2554981912099 1.50725938850242
1.15323249519919 1.60283236699491
1.20957048342066 1.29834665987459
1.26529610220494 1.48826732226352
1.03014623832401 1.51706174527088
1.08648422654548 1.49010526415761
1.26529610220494 1.57158735479544
1.16915410056612 1.41597494109612
1.34367939016525 1.44170612761333
1.15996855900827 1.45395907357391
1.28795377138097 1.48336614387929
1.18140148930992 1.60099442510083
1.24814975796362 1.34919638561098
1.12751297883721 1.53421586961569
1.28795377138097 1.53053998582751
1.03810704100748 1.65735797651948
1.13608615095787 1.55259528855655
1.26039714670742 1.65000620894313
1.34796597622558 1.55014469936444
1.28489192419502 1.55014469936444
1.19119940030496 1.67144886437414
1.21263233060661 1.6365279683865
1.20160968073719 1.47723967089901
1.11893980671655 1.41597494109612
1.31551039605452 1.5366664588078
1.16731699225455 1.39269434377103
1.04423073537938 1.64204179406876
1.17466542550083 1.46988790332266
-0.358707645222743 1.9894128120511
-0.510575265645845 1.9937013431373
-0.46832177447974 1.96000574174571
-0.334825237172336 1.79704156047005
-0.408921939072317 1.95265397416937
-0.402185875263229 2.08192255405345
-0.510575265645845 1.86443276325322
-0.334825237172336 1.96735750932206
-0.373404511715302 1.99308869583927
-0.363606600720263 1.98451163366687
-0.489754704781388 2.02065782425057
-0.445664105303713 1.81909686319909
-0.285835682197142 1.98389898636884
-0.258891426960786 1.87300982542562
-0.423618805564875 1.81603362670894
-0.438315672057434 2.15421493522085
-0.574874056550788 1.87791100380985
-0.353196320288034 1.85217981729264
-0.489754704781388 1.93059867144033
-0.364218970157453 1.71862270632236
-0.457911494047511 1.89506512815466
-0.323190217865728 1.90241689573101
-0.496490768590477 1.87852365110788
-0.453012538549992 1.79520361857596
-0.342786039855805 1.84544069701433
-0.433416716559914 2.08130990675542
-0.535682412570632 1.89138924436649
-0.431579608248345 1.91773307818173
-0.395449811454139 1.95878044714966
-0.451175430238423 1.96429427283192
-0.47138362166569 1.98267369177278
-0.357482906348364 1.95449191606346
-0.423006436127686 1.87852365110788
-0.353196320288034 1.95510456336148
-0.46832177447974 1.82216009968923
-0.421781697253306 2.05067754185398
-0.313392306870689 2.00656693639591
-0.358707645222743 1.86994658893548
-0.579773012048307 1.83257510375572
-0.493428921404528 1.91773307818173
-1.65999269925134 0.887872970195284
-1.69551012660835 0.974256239217347
-1.94903107360498 0.882971791811053
-1.76348313413643 0.773920572761924
-1.72980281509099 1.0073391933109
-1.90126625750417 0.732873203793993
-1.77818000062899 0.855402663399756
-1.87922095776533 0.835185302564805
-1.84309116097113 1.01959213927148
-1.73347703171413 0.880521202618938
-1.76960682850833 0.934434164845474
-1.7598089175133 0.925857102673071
-1.73408940115132 0.943623874315906
-1.63611029120093 0.792299991702788
-1.72000490409595 0.861529136380044
-1.84615300815708 0.930145633759272
-1.64835767994473 0.780047045742212
-1.85166433309178 0.824157651200287
-1.82472007785543 0.824157651200287
-1.70592040704058 0.691825834826062
-1.81614690573477 0.776371161954039
-1.76042128695049 0.738999676774281
-1.64958241881911 0.909928272924321
-1.73592650946289 0.922181218884897
-1.68326273786455 0.778821751146154
-1.78246658668932 0.836410597160863
-1.68571221561331 0.761054979503318
-1.79532634487031 0.87439472963865
-1.73960072608603 0.852952074207641
-1.69734723491992 0.644651992877843
-1.8204334917951 0.90502709454009
-1.75674707032735 0.961390645958742
-1.81859638348353 1.14518483536739
-1.76287076469924 0.810679410643652
-1.88595702157442 0.689987892931975
-1.79716345318188 1.04777391498081
-1.90861469075045 0.735323792986108
-1.70653277647777 0.982220654091722
-1.76470787301081 0.923406513480955
-1.49036636514973 1.01591625548331
-1.86697356902153 -0.991728940157129
-1.83819220547361 -0.849594767014443
-1.75123574539264 -0.844693588630213
-1.7836913255637 -0.959258633361602
-1.87248489395624 -0.945167745506939
-1.85595091915211 -0.914535380605498
-1.78675317274965 -0.952519513083285
-1.90922706018764 -0.882065073809971
-1.75797180920173 -0.725227365514594
-1.66795350193481 -0.967223048235977
-1.81737164460915 -0.917598617095642
-1.82839429447857 -0.842242999438098
-1.72490385959347 -0.856333887292761
-1.74694915933231 -0.848982119716415
-1.74817389820669 -0.940266567122709
-1.83084377222733 -0.893705372472518
-1.81492216686039 -0.880839779213913
-1.668565871372 -0.712361772255988
-1.71326884028686 -0.88757889949223
-1.93065999048928 -0.762598850694351
-1.56446306704971 -0.853270650802617
-1.69673486548273 -0.867974185955308
-1.61222788315052 -0.865523596763193
-1.80941084192568 -0.847756825120357
-1.68265036842736 -0.934752741440449
-2.01945355888182 -0.779752975039158
-1.76103365638768 -1.00704512260785
-1.78552843387527 -0.834278584563723
-1.57548571691913 -0.964772459043861
-1.71449357916124 -0.781590916933245
-1.52527142306955 -0.896155961664634
-1.7598089175133 -0.98621511447487
-1.91657549343392 -0.88757889949223
-1.75858417863892 -0.831827995371608
-1.79900056149345 -0.839792410245982
-1.87370963283062 -0.841630352140069
-1.66795350193481 -0.823863580497233
-1.82716955560419 -0.874100658935596
-1.71020699310091 -0.905958318433095
-1.75184811482983 -0.837954468351896
-0.496490768590477 -1.89660899934569
-0.363606600720263 -1.8733284020206
-0.544867954128481 -1.97012667510915
-0.497103138027667 -1.90886194530627
-0.580385381485497 -1.73977129105032
-0.493428921404528 -1.84637192090733
-0.348909734227704 -2.0540593549391
-0.340948931544236 -1.98360491566579
-0.521597915515264 -2.02158904814357
-0.495266029716097 -2.08346642524448
-0.3856519004591 -1.7416092329444
-0.274813032327724 -1.88068016959694
-0.279099618388053 -1.9541978453604
-0.423006436127686 -2.00014639271256
-0.420556958378926 -1.92417812775699
-0.418107480630166 -1.88680664257723
-0.524047393264024 -1.9223401858629
-0.361769492408693 -1.96032431834069
-0.39055085595662 -1.87639163851074
-0.520373176640884 -2.0222016954416
-0.301144918126891 -1.82125338168815
-0.345235517604565 -1.96828873321506
-0.439540410931814 -1.93520577912151
-0.427905391625205 -1.88435605338512
-0.323802587302918 -1.881905464193
-0.376466358901251 -1.73364481807003
-0.355033428599604 -1.8543363357817
-0.523435023826834 -1.99524521432833
-0.411983786258267 -1.89844694123978
-0.496490768590477 -1.84514662631127
-0.696123205114393 -2.01117404407708
-0.497103138027667 -1.79000836948868
-0.427905391625205 -1.91988959667079
-0.297470701503751 -1.89660899934569
-0.448113583052473 -2.06079847521742
-0.344010778730185 -1.95358519806237
-0.367893186780593 -1.86597663444425
-0.430354869373965 -1.83534426954281
-0.311555198559119 -1.82737985466844
-0.439540410931814 -1.87577899121271
1.19303650861653 -1.78265660191233
1.310611440557 -1.44570058799648
1.33694332635616 -1.60253829629186
1.25856003839585 -1.55046327595941
1.22487971935041 -1.37279555953105
1.34796597622558 -1.43467293663196
1.31734750436609 -1.41261763390293
1.21263233060661 -1.41813145958519
1.17711490324959 -1.53024591512446
1.17956438099835 -1.75631276809709
1.21875602497851 -1.4162935176911
1.33755569579335 -1.49348707724273
1.30877433224543 -1.54372415568109
1.3283701542355 -1.47143177451369
1.45329351942225 -1.44937647178466
1.31918461267765 -1.50696531779937
1.22120550272727 -1.51002855428951
1.36021336496938 -1.42425793256547
1.22671682766198 -1.54985062866138
1.02096069676616 -1.65032478553811
1.2922403574413 -1.35870467167639
1.27264453545122 -1.59641182331157
1.06260181849508 -1.54985062866138
1.12445113165126 -1.40097733524038
1.12261402333969 -1.520443558356
1.26223425501899 -1.5651668111121
1.17527779493802 -1.67544332475729
1.28795377138097 -1.50574002320331
1.22671682766198 -1.45550294476494
1.00075250533889 -1.56884269490028
1.12383876221407 -1.42119469607533
1.38715762020574 -1.58293358275494
1.32285882930079 -1.65032478553811
1.23100341372231 -1.46959383261961
1.33878043466773 -1.5608782800259
1.2861166630694 -1.58538417194705
1.32347119873798 -1.65093743283614
1.11404085121903 -1.45856618125509
1.35102782341153 -1.63072007200119
1.2316157831595 -1.33726201624538
