1.85506427929405 -1.22243022450893
1.74547408648881 -1.31708263064467
1.64958266778422 -1.4117350367804
1.54684186202931 -1.50638744291614
1.43725166922406 -1.57191603177934
1.32081208936849 -1.65200652927881
1.20437250951292 -1.71753511814201
1.08793292965735 -1.77578275268708
0.957794575701119 -1.81946847859588
0.848204382895876 -1.85587325018655
0.711216641889321 -1.89955897609535
0.594777062033749 -1.92140183904975
0.47148809512785 -1.93596374768602
0.341349741171622 -1.94324470200415
0.218060774265723 -1.95780661064042
0.0947718073598235 -1.94324470200415
-0.0285171595460763 -1.91412088473161
-0.151806126451976 -1.90683993041348
-0.254546932206892 -1.87043515882281
-0.370986512062464 -1.84131134155028
-0.487426091918035 -1.78306370700521
-0.583317510622624 -1.73937798109641
-0.68605831637754 -1.68841130086948
-0.781949735082129 -1.62288271200627
-0.870991766736389 -1.55735412314307
-0.953184411340322 -1.48454457996174
-1.02852766889393 -1.4117350367804
-1.11072031349786 -1.3243635849628
-1.19291295810179 -1.2369921331452
-1.24085866745409 -1.16418258996386
-1.30250315090704 -1.06224922951
-1.35044886025933 -0.974877777692394
-1.40524395666195 -0.872944417238525
-1.43264150486326 -0.785572965420923
-1.46003905306458 -0.67635865064892
-1.48743660126589 -0.581706244513185
-1.50113537536654 -0.487053838377449
-1.5148341494672 -0.377839523605447
-1.52168353651752 -0.290468071787845
-1.5148341494672 -0.203096619970243
-1.5148341494672 -0.0866013508801071
-1.48743660126589 0.000770100937495064
-1.4668884401149 0.0881415527550967
-1.45318966601425 0.175513004572699
-1.41894273076261 0.262884456390301
-1.38469579551097 0.350255908207903
-1.33675008615868 0.430346405707371
-1.30250315090704 0.51043690320684
-1.24770805450442 0.575965492070041
-1.19976234515212 0.648775035251376
-1.12441908759852 0.714303624114578
-1.06962399119589 0.772551258659645
-1.00113012069262 0.84536080184098
-0.939485637239666 0.889046527749781
-0.884690540837045 0.925451299340449
-0.802497896233112 0.96913702524925
-0.734004025729834 0.998260842521784
-0.679208929327212 1.02738465979432
-0.603865671773607 1.04922752274872
-0.528522414220002 1.05650847706685
-0.453179156666397 1.07835134002125
-0.370986512062464 1.07835134002125
-0.309342028609514 1.09291324865752
-0.233998771055909 1.08563229433939
-0.172354287602959 1.07835134002125
-0.0901616429990259 1.07835134002125
-0.0285171595460763 1.05650847706685
0.0331273239068734 1.04194656843058
0.0947718073598235 1.02010370547618
0.163265677863101 0.99097988820365
0.218060774265723 0.961856070931116
0.272855870668345 0.925451299340449
0.313952192970311 0.903608436386049
0.355048515272278 0.84536080184098
0.416692998725227 0.816236984568446
0.457789321027194 0.757989350023379
0.492036256278833 0.714303624114578
0.526283191530471 0.67789885252391
0.56053012678211 0.634213126615109
0.581078287933093 0.583246446388175
0.594777062033749 0.539560720479374
0.615325223184732 0.481313085934305
0.629023997285388 0.437627360025505
0.642722771386043 0.38666067979857
0.649572158436371 0.335693999571635
0.656421545486699 0.277446365026568
0.656421545486699 0.248322547754034
0.656421545486699 0.211917776163366
0.642722771386043 0.160951095936432
0.635873384335715 0.117265370027631
0.615325223184732 0.0808605984369631
0.608475836134405 0.0371748725281625
0.587927674983421 0.00805105525562815
0.574228900882766 -0.0210727620169057
0.567379513832438 -0.042915624971306
0.546831352681454 -0.0574775336075732
0.539981965631127 -0.0793203965619735
0.519433804480144 -0.101163259516374
0.512584417429816 -0.115725168152641
0.492036256278833 -0.137568031107042
0.478337482178177 -0.152129939743308
0.47148809512785 -0.159410894061442
0.457789321027194 -0.173972802697709
0.444090546926538 -0.188534711333976
0.430391772825883 -0.19581566565211
0.423542385775555 -0.210377574288377
0.129018742611462 2.22874212228634
0.266006483618017 2.19961830501381
0.402994224624572 2.14865162478688
0.526283191530471 2.11952780751434
0.656421545486699 2.05399921865114
0.759162351241615 1.99575158410607
0.889300705197842 1.937503949561
0.985192123902431 1.8501324977434
1.08793292965735 1.77004200024393
1.19752312246259 1.68267054842633
1.27971576706652 1.60258005092686
1.35505902462013 1.49336573615486
1.44410105627439 1.38415142138286
1.51944431382799 1.28221806092899
1.58108879728094 1.18028470047512
1.64273328073389 1.07107038570312
1.67013082893521 0.954575116612983
1.71122715123717 0.838079847522847
1.75917286058947 0.721584578432711
1.77287163469012 0.612370263660709
1.7934197958411 0.488594040252439
1.80026918289143 0.372098771162303
1.81396795699209 0.262884456390301
1.80711856994176 0.146389187300165
1.78657040879078 0.0298939182100289
1.76602224763979 -0.0793203965619735
1.74547408648881 -0.188534711333976
1.71122715123717 -0.290468071787845
1.67013082893521 -0.392401432241714
1.62903450663324 -0.487053838377449
1.57423941023062 -0.588987198831318
1.51944431382799 -0.669077696330787
1.45095044332472 -0.756449148148389
1.38245657282144 -0.836539645647857
1.31396270231816 -0.909349188829192
1.25231821886521 -0.974877777692394
1.16327618721095 -1.05496827519186
1.07423415555669 -1.09865400110066
0.998890898003086 -1.15690163564573
0.923547640449481 -1.20786831587267
0.83450560879522 -1.25155404178147
0.752312964191287 -1.26611595041773
0.649572158436371 -1.3025207220084
0.56053012678211 -1.31708263064467
0.478337482178177 -1.3462064479172
0.389295450523916 -1.35348740223534
0.286554644769 -1.36076835655347
0.204362000165067 -1.3680493108716
0.115319968510807 -1.35348740223534
0.0468260980075291 -1.3462064479172
-0.0490653206970593 -1.3243635849628
-0.124408578250665 -1.30980167632653
-0.206601222854598 -1.27339690473587
-0.281944480408203 -1.24427308746333
-0.357287737961808 -1.20786831587267
-0.41208283436443 -1.16418258996386
-0.480576704867707 -1.11321590973693
-0.542221188320657 -1.0840920924644
-0.610715058823935 -1.02584445791933
-0.658660768176229 -0.974877777692394
-0.706606477528523 -0.909349188829192
-0.74770279983049 -0.843820599965991
-0.788799122132456 -0.792853919739056
-0.829895444434423 -0.720044376557721
-0.850443605585406 -0.669077696330787
-0.884690540837045 -0.603549107467585
-0.905238701988028 -0.538020518604384
-0.912088089038356 -0.479772884059316
-0.939485637239666 -0.399682386559848
-0.939485637239666 -0.34143475201478
-0.939485637239666 -0.290468071787845
-0.939485637239666 -0.239501391560911
-0.932636250189339 -0.159410894061442
-0.925786863139011 -0.0938823051982407
-0.905238701988028 -0.042915624971306
-0.8983893149377 0.0226129638918953
-0.877841153786717 0.0590177354825628
-0.857292992635734 0.124546324345764
-0.83674483148475 0.182793958890832
-0.802497896233112 0.2191987304815
-0.768250960981473 0.248322547754034
-0.727154638679506 0.299289227980968
-0.699757090478195 0.328413045253502
-0.665510155226557 0.36481781684417
-0.631263219974918 0.393941634116704
-0.583317510622624 0.423065451389238
-0.542221188320657 0.459470222979905
-0.487426091918035 0.466751177298039
-0.466877930767052 0.488594040252439
-0.432630995515413 0.488594040252439
-0.391534673213447 0.51043690320684
-0.336739576810825 0.517717857524973
-0.302492641559186 0.517717857524973
-0.254546932206892 0.517717857524973
-0.213450609904925 0.517717857524973
-0.165504900552631 0.517717857524973
-0.13810735235132 0.503155948888706
-0.103860417099682 0.495874994570573
-0.0833122559486981 0.488594040252439
-0.0559147077473872 0.474032131616172
-0.0285171595460763 0.466751177298039
-1.98744185593981 -0.982158732010527
-2.03538756529211 -0.829258691329724
-2.06278511349342 -0.720044376557721
-2.09703204874506 -0.581706244513185
-2.09703204874506 -0.450649066786782
-2.10388143579538 -0.319591889060379
-2.11073082284571 -0.181253757015843
-2.09703204874506 -0.0501965792894396
-2.0833332746444 0.07357964411883
-2.04908633939276 0.204636821845233
-2.01483940414112 0.342974953889769
-1.98059246888948 0.466751177298039
-1.92579737248686 0.568684537751908
-1.87785166313457 0.692460761160177
-1.81620717968162 0.794394121614046
-1.75456269622867 0.896327482067915
-1.67237005162474 1.01282275115805
-1.5901774070208 1.09291324865752
-1.5148341494672 1.18028470047512
-1.41894273076261 1.25309424365646
-1.31620192500769 1.32590378683779
-1.2203105063031 1.40599428433726
-1.12441908759852 1.45696096456419
-1.02852766889393 1.51520859910926
-0.918937476088683 1.55161337069993
-0.816196670333767 1.5880181422906
-0.699757090478195 1.63898482251753
-0.597016284723279 1.63898482251753
-0.507974253069019 1.66082768547193
-0.391534673213447 1.66082768547193
-0.275095093357875 1.66082768547193
-0.179203674653286 1.66082768547193
-0.0696134818480428 1.66082768547193
0.0194285498062182 1.6535467311538
0.129018742611462 1.63898482251753
0.231759548366378 1.60258005092686
0.313952192970311 1.5661752793362
0.416692998725227 1.5224895534274
0.498885643329161 1.47880382751859
0.587927674983421 1.42783714729166
0.676969706637682 1.35502760411033
0.738614190090632 1.30406092388339
0.807108060593909 1.23853233502019
0.868752544046859 1.16572279183885
0.937246414550136 1.10747515729379
0.992041510952758 1.03466561411245
1.04683660735538 0.96913702524925
1.06738476850636 0.867203664795381
1.12217986490899 0.794394121614046
1.14272802605997 0.714303624114578
1.17697496131161 0.634213126615109
1.19752312246259 0.55412262911564
1.19752312246259 0.474032131616172
1.2249206706639 0.401222588434837
1.2249206706639 0.306570182299102
1.23177005771423 0.2410415934359
1.21807128361357 0.153670141618298
1.19752312246259 0.0808605984369631
1.17697496131161 0.00805105525562815
1.17697496131161 -0.0647584879257066
1.14272802605997 -0.144848985425175
1.11533047785866 -0.21765852860651
1.08108354260702 -0.275906163151578
1.03313783325472 -0.326872843378513
1.00574028505341 -0.385120477923581
0.950945188650792 -0.443368112468648
0.909848866348825 -0.494334792695583
0.875601931097187 -0.53073956428625
0.820806834694564 -0.567144335876918
0.77286112534227 -0.603549107467585
0.704367254838993 -0.65451578769452
0.656421545486699 -0.683639604967054
0.594777062033749 -0.720044376557721
0.533132578580799 -0.734606285193988
0.478337482178177 -0.763730102466522
0.416692998725227 -0.771011056784656
0.368747289372933 -0.778292011102789
0.313952192970311 -0.785572965420923
0.266006483618017 -0.785572965420923
0.211211387215395 -0.778292011102789
0.156416290812773 -0.778292011102789
0.101621194410151 -0.771011056784656
0.0605248721081848 -0.763730102466522
0.00572977570556248 -0.741887239512122
-0.0353665465964041 -0.727325330875855
-0.0764628688983702 -0.705482467921454
-0.124408578250665 -0.67635865064892
-0.165504900552631 -0.639953879058253
-0.192902448753942 -0.625391970421986
-0.227149384005581 -0.603549107467585
-0.240848158106237 -0.581706244513185
-0.26139631925722 -0.559863381558784
-0.281944480408203 -0.53073956428625
-0.302492641559186 -0.516177655649983
-0.309342028609514 -0.494334792695583
-0.329890189760497 -0.472491929741182
-0.336739576810825 -0.450649066786782
-0.343588963861153 -0.428806203832381
-0.357287737961808 -0.414244295196114
-0.357287737961808 -0.392401432241714
-0.364137125012136 -0.36327761496918
-0.377835899112791 -0.334153797696646
-0.377835899112791 -0.305029980424112
-0.377835899112791 -0.268625208833445
-0.377835899112791 -0.254063300197178
