20 210000
25 175000
26 218000
27 230000
28 245000
28 245000
30 320000
32 392000
32 290000
34 325000
35 260000
36 250000
36 360000
36 300000
37 250000
37 300000
37 265000
37 279000
40 478000
40 320000
55 395000
41 310000
44 440000
44 485200
47 360000
50 466000
53 503000
54 392000
56 620000
57 373000
46 380000
82 1100000
83 715000
20 210000
26 218000
27 223000
27 245000
28 208000
29 210000
72 630000
35 260000
35 220000
35 380000
36 252000
37 300000
37 250000
37 302200
38 399000
46 465000
48 495000
50 364500
57 460000
54 392000
55 560000
56 565000
57 373000
35.4 360000
21 220000
63 606000
44 360000
73 690000
73 690000
74 637000
83 715000
45 285000
111 1780000
102 910000
24 199000
26 280000
28 260000
29 213000
30 389000
31 230000
31 330000
31 250000
31 260000
33 330000
33 265000
33 282000
35 250000
35 262000
36 300000
36 280000
37 270000
39 355000
39 277000
61 420000
42 462000
43 350000
43 380000
44 317000
45 345000
47 355000
49 415000
50 405000
54 425000
56 775000
56 775000
57 570000
59 350000
60 300000
60 300000
61 620000
62 495000
62 655000
67 743000
67 456000
70 690000
73 685000
107 1155000
186 2150000
17 198000
19 196000
20 190000
23 202000
24 220000
26 279000
26.5 198000
30 300000
30 220000
31.6 225000
32 360000
33 340000
40 477600
37 295000
38 298000
38 299000
38 280000
85 540000
46 310000
47 380000
49 342000
50 405000
52 400000
52 409000
53 407000
58 400000
63 715000
68 480000
72 555000
26 238000
46 327500
107 820000
20 167000
28 240000
31 226000
27 224000
35 310000
35 303000
35 220000
36 376000
37 275000
37 280000
38 286000
38 284000
38 266000
39 375000
49 380000
127 1085000
42 358000
43 305000
44 349000
45 385000
46 400000
46 340000
46 329000
47 342000
47 300000
48 321000
48 390000
50 452000
53 515000
53 390000
54 330000
55 520000
56 387000
56 513000
57 463000
57 545000
62 490000
64 450000
73 695000
75 600000
27 280000
33.8 330000
105 1015000
105 620000
137 1200000
25 200000
17.35 179000
24 223000
27 212000
30.9 259000
31 240000
33.08 303000
34 270000
34 304000
36 310000
37 290000
38 222000
40 365000
42 320000
42.5 440000
43 420000
43.57 340000
34 270000
46.2 340000
47.15 282900
49 380000
49 419000
53.3 570000
55 472000
56 530000
57 522000
57 400000
57 492000
66 490000
68 855000
73.4 670000
101 1100000
116.1 1900000
117 1300000
135 2100000
144 1650000
190 2500000
41 280000
27 166600
27 205000
28 225000
29 215000
30 270000
35 299000
36 308000
37 290000
38 310000
50 640000
40 365000
41 430000
41 434000
42 380000
42 815000
45 330000
47 500000
48 230000
51 472000
51 472000
55 555000
55 531000
56 530000
56 460000
57 400000
60 670000
64 520000
74 720000
78 719000
84 1115000
152 1600000
38 283000
39 308000
39 313000
43 420000
44 305000
46 434000
50 377000
53 390000
53 370000
57 533000
59 510000
59 365000
63 450000
70 720000
73 647000
87 598000
93 954000
31.5 267000
31.5 223000
32.14 259000
44 512000
33.2 246000
45 270000
37.93 329000
37.93 290000
38 315000
38.97 290000
39 321000
40 389000
48 445000
42.3 317000
42.4 357000
45.5 500000
46.3 405000
47 410000
47 399000
48.3 403000
48.41 460000
49 355000
49 328000
53.65 470000
56 400000
61 500000
66 860000
70.5 580000
73 655000
74.66 540000
75 466000
75 641000
86 1200000
90 780000
118 1550000
27 215000
29 240000
30 295000
30 285000
31 270000
35 225000
36 260000
40 425000
46 389000
46 297000
46 405000
57 479000
53 525000
55 342000
103 1905000
111 1178000
111 1230000
135 915000
23 187000
24 200000
24 175000
24 178500
33 176000
34 230000
34 255000
35 385000
36 315000
37 259000
37 260000
37 260000
37 319000
38 340000
47 367000
48 700000
48 475000
48 305000
54 380000
56 512000
57 520000
59 479600
68 1045000
71 525000
78 640000
80 400000
97 1340000
100 1350000
140 1350000
220 2770000
31 242000
32 335000
36.4 345000
37 330000
38 295000
38 330000
38 370000
39 343000
43 360000
47 288000
48 460000
49 510000
49.9 330000
50 462500
52 374000
60 325000
70 675000
72.7 787500
76 550000
77 600000
87 1350000
92 862000
96 543000
140 1420000
32 250000
36 260000
37 270000
37.5 324000
41 275000
45 320000
45 495000
46 260000
46 320000
48 295000
49 358000
64 400000
74.2 550000
117.9 970000
37 293000
39 300000
39 363000
41 300000
45 330000
45 338000
46 280000
46 455000
49 585000
50 350000
50 600000
50 460000
51 360000
53 500000
53 320000
56 530000
55 530000
57 382000
57 640000
51 650000
69 420000
69 450000
70 560000
74 721500
78 580000
79 1350000
122 1330000
31 320000
31 190000
32 605000
32 190000
33 400000
35 268000
36 270000
38 269000
39 345000
42 330000
43 287000
43 284000
45 300000
45 388000
46 320000
50 550000
50 626000
52 490000
52 500000
62 525000
63 365000
68 710000
77 600000
78 865000
81 740000
83 900000
93 905775
98 825000
100 699000
19 192000
20 200000
24 220000
193 2600000
67 515000
28 275000
29 260000
31 240000
31 240000
32 412600
37 287500
38 274000
38 305000
39 370000
40 425000
48 344000
48 398000
52 407500
54 369000
54 325000
37 310000
58 375000
59 360000
66 470000
70 463000
33 243000
20 220000
74 675000
80 712200
81 780000
83 575000
97 700000
122 1100000
141 1198000
24 166000
27 238000
27 238000
27 190000
30 210000
35 310000
37 259200
41 370000
42 310000
43 352000
44 290000
44 319000
46 307000
23 225000
51 295000
53 500000
61 352000
63 445000
64 455000
31 240000
33 340000
35 355000
36 309000
46 310000
54 435000
34 265000
49 320000
55 440000
56 356000
60 390000
27 315000
27 190000
31 350000
31 261000
32 210000
33 285000
33 340000
33 270000
33 325000
35 239000
37 350000
38 363000
38 320000
39 325000
41 385000
43 323000
44 417000
44 405000
45 373000
33 291000
46 415000
48 450000
49 360000
52 470000
52 383000
54 383000
85 920000
60 528000
66 650000
45.1 425000
72 435000
73 735000
81 1750000
70 514000
110 707000
117 1350000
45 410000
130 1420000
147 1700000
160 1660000
23 260000
24 240000
25 180000
25 257000
30 255000
31 230000
35 355000
35 299000
36 360000
37 260000
38 372000
38 377000
41 320000
42 326000
44 395000
47 445000
48 460000
58 491500
60 530000
63 440000
65 650000
77 780000
70 480000
88 1200000
63 464000
100 1020000
19 209000
85 600000
28 372000
28 335500
38 360000
38 376000
38 363000
39 420000
45 325000
46 300000
47 345000
83 540000
48 516000
48 310000
51 350000
51 430000
70 417000
62 759000
64 360000
64 487000
71 393000
72 860000
74 490000
80 500000
88 880000
20 179000
22 337000
22 178000
22 178000
53 495000
23 240000
24 200000
26 273000
26 240000
27 275000
27 232500
30 275000
35 419000
37 402000
37 363000
40 308000
43 347000
35 265000
47 359000
47 449000
48 370000
34 285000
52 363000
55 360000
55 620000
55 455000
47 405000
57 525000
58 470000
60 665000
29 215000
63 677000
64 700000
64 630000
65 617200
72 818000
76 830000
81 1030000
83 840000
88 940000
105 645000
163 1500000
33 274000
33 290000
33 305000
35 341000
38 330000
38 335000
40 650000
40 340000
38 310000
46 305000
46 277000
47 424500
47 366000
48 312000
49 405000
50 465000
52 515000
55 705000
55 535000
55 510000
24 190000
56 560000
60 390000
60 376000
27 195000
66 699000
68 520000
70 680000
71 525000
37 308000
72 700150
73 725000
82 610000
98 1150000
124 1590000
24 210000
24 170000
26 263000
24 216000
30 300000
30 248000
31 248000
31 250000
37 385000
37 278000
37 290000
39 327670
45 372500
47 370000
71 500000
72 960000
102 777600
23 195000
23 202000
23 188000
39 350000
26 225000
27 240000
28 380000
28 257000
30 210000
31 252000
32 258000
34 350000
36 300000
37 245000
37 327000
41 355000
47 640000
47 365000
48 410000
48 331500
50 395000
52 380000
52 390000
59 437000
62 615500
62 360000
70 480000
106 830000
132 1050000
